Freq (Hz)	micro/hp_Mod	micro/hp_Phase(rad)
49.000000000000007E+0	795.437981867655910E-3	-22.462053558851398E+0
50.000000000000007E+0	744.418276452340600E-3	-23.916730252883831E+0
51.000000000000007E+0	426.427297790957560E-3	-22.281267729065384E+0
52.000000000000007E+0	68.285956358172376E-3	-22.980633369602536E+0
53.000000000000007E+0	205.365040111177150E-3	-24.810112872135306E+0
54.000000000000007E+0	145.388374810549090E-3	-26.638620862271427E+0
55.000000000000007E+0	118.047862784686760E-3	-28.410108465171419E+0
56.000000000000007E+0	111.735824680572680E-3	-30.625754262889362E+0
57.000000000000007E+0	156.205103944142470E-3	-33.008349877629548E+0
58.000000000000007E+0	67.265129917539204E-3	-35.505209989940397E+0
59.000000000000007E+0	57.116929363421984E-3	-33.452277666860880E+0
60.000000000000007E+0	102.214974721075750E-3	-35.161098437003773E+0
61.000000000000007E+0	151.009416435081870E-3	-37.461826560265010E+0
62.000000000000007E+0	77.041357134770380E-3	-39.752971289786153E+0
63.000000000000007E+0	34.240956793672547E-3	-41.529873992320226E+0
64.000000000000014E+0	15.253493540155651E-3	-42.889049142118296E+0
65.000000000000014E+0	26.139722315740948E-3	-44.639506511343995E+0
66.000000000000014E+0	7.971375182794244E-3	-47.289372591491912E+0
67.000000000000014E+0	21.660749715234986E-3	-46.105136051798603E+0
68.000000000000014E+0	13.630984841594621E-3	-48.317702236798347E+0
69.000000000000014E+0	30.565112346390866E-3	-47.420660603305031E+0
70.000000000000014E+0	37.072675334637172E-3	-49.845467543542448E+0
71.000000000000014E+0	14.098119362190584E-3	-47.114520617771731E+0
72.000000000000014E+0	36.410674012899630E-3	-44.232846106401062E+0
73.000000000000014E+0	37.423048871084247E-3	-46.782004679512148E+0
74.000000000000014E+0	12.962567060519233E-3	-49.030969294421581E+0
75.000000000000014E+0	1.847957886526677E-3	-46.133684486534925E+0
76.000000000000014E+0	9.048632945681230E-3	-48.357076037788779E+0
77.000000000000014E+0	12.025923062743213E-3	-49.717437293094989E+0
78.000000000000014E+0	15.250140837183998E-3	-50.770951337181479E+0
79.000000000000014E+0	8.202232984767121E-3	-52.787508766163796E+0
80.000000000000014E+0	14.731702186557010E-3	-51.145565539817049E+0
81.000000000000014E+0	19.077479144260598E-3	-53.521680242090674E+0
82.000000000000014E+0	6.978822307067270E-3	-55.282416448791466E+0
83.000000000000014E+0	13.670006525483842E-3	-56.477180363243697E+0
84.000000000000014E+0	15.392118307585698E-3	-59.360746238271993E+0
85.000000000000014E+0	10.207111851374528E-3	-56.297070285102627E+0
86.000000000000014E+0	5.986396931121643E-3	-58.909547458105933E+0
87.000000000000014E+0	5.096815592691018E-3	-60.459462444689748E+0
88.000000000000014E+0	2.478940659415162E-3	-57.737186321196198E+0
89.000000000000014E+0	6.511896517621151E-3	-60.288638223462513E+0
90.000000000000014E+0	10.304680283696448E-3	-62.355527170775709E+0
91.000000000000014E+0	10.168138274327044E-3	-64.318496288853126E+0
92.000000000000014E+0	8.326963054588561E-3	-65.855485760369788E+0
93.000000000000014E+0	3.805600636586353E-3	-68.780145894906028E+0
94.000000000000014E+0	5.506003096359261E-3	-65.886330060100946E+0
95.000000000000014E+0	3.342839960592205E-3	-68.100654304755054E+0
96.000000000000014E+0	3.265777459884507E-3	-68.118187793790540E+0
97.000000000000014E+0	8.456234631067575E-3	-69.729528627061839E+0
98.000000000000014E+0	8.333857981740200E-3	-71.921191759165367E+0
99.000000000000014E+0	9.218613093291379E-3	-72.662775217477502E+0
100.000000000000010E+0	19.312717100933317E-3	-74.290685705527238E+0
101.000000000000010E+0	11.583929006299591E-3	-76.293459971887827E+0
102.000000000000010E+0	5.861247293032666E-3	-78.256785846892797E+0
103.000000000000010E+0	7.688472124736400E-3	-79.795946560176063E+0
104.000000000000010E+0	8.542176684212158E-3	-81.395833586531694E+0
105.000000000000010E+0	4.828133389061144E-3	-83.330543208727363E+0
106.000000000000010E+0	304.004279811990060E-6	-84.420457963991623E+0
107.000000000000010E+0	3.023626946663225E-3	-84.683012148699291E+0
108.000000000000010E+0	3.444537962484987E-3	-86.712250195706503E+0
109.000000000000010E+0	2.443236098478907E-3	-87.490821268920214E+0
110.000000000000010E+0	5.096536626705364E-3	-88.896769740569425E+0
111.000000000000010E+0	1.122367921113502E-3	-91.096579694930540E+0
112.000000000000010E+0	2.346791183289148E-3	-89.439153257047650E+0
113.000000000000010E+0	738.497297296263740E-6	-88.682068980792380E+0
114.000000000000010E+0	3.498078895618897E-3	-90.338130320453686E+0
115.000000000000010E+0	10.305152553903007E-3	-92.128817425846961E+0
116.000000000000010E+0	13.658767140297413E-3	-93.894124079813451E+0
117.000000000000010E+0	5.611180274064336E-3	-95.164571192744901E+0
118.000000000000010E+0	1.800651028384714E-3	-95.407418158251843E+0
119.000000000000010E+0	2.772215776949785E-3	-94.649894029918983E+0
120.000000000000010E+0	3.070464019325270E-3	-96.412892833343633E+0
121.000000000000010E+0	1.013605860176786E-3	-98.737504813376432E+0
122.000000000000010E+0	346.848162269154030E-6	-101.297638192023460E+0
123.000000000000010E+0	2.344482718131779E-3	-100.616304588339820E+0
124.000000000000010E+0	4.386471320812755E-3	-102.109097148292490E+0
125.000000000000010E+0	2.889213855421234E-3	-103.920090307481840E+0
126.000000000000010E+0	739.526412271664840E-6	-106.722575343911540E+0
127.000000000000010E+0	1.069811181471921E-3	-104.022509002029480E+0
128.000000000000030E+0	606.767850661548060E-6	-105.311783670261250E+0
129.000000000000030E+0	952.454023014620630E-6	-106.430946804604840E+0
130.000000000000030E+0	1.351385562601861E-3	-108.901789912345510E+0
131.000000000000030E+0	1.819390097610579E-3	-111.770903654203580E+0
132.000000000000030E+0	1.729590789205600E-3	-113.986600039440120E+0
133.000000000000030E+0	1.018701425061516E-3	-115.656978262702610E+0
134.000000000000030E+0	1.012020614067346E-3	-116.558726938322070E+0
135.000000000000030E+0	309.963818613711880E-6	-117.878130865978780E+0
136.000000000000030E+0	681.425346315684940E-6	-115.988706069536180E+0
137.000000000000030E+0	1.444599490539179E-3	-117.854376894148870E+0
138.000000000000030E+0	1.511472073821854E-3	-118.903925971787400E+0
139.000000000000030E+0	1.875658448161595E-3	-119.622596950566760E+0
140.000000000000030E+0	949.325931063916170E-6	-121.068535497446720E+0
141.000000000000030E+0	195.134451434361890E-6	-121.279264152952690E+0
142.000000000000030E+0	616.143070163929450E-6	-122.915641886098730E+0
143.000000000000030E+0	315.456882093334560E-6	-124.920956802928640E+0
144.000000000000030E+0	464.985853944468480E-6	-122.036805847021340E+0
145.000000000000030E+0	519.035898455978500E-6	-123.494910318330920E+0
146.000000000000030E+0	478.648310744919350E-6	-124.852211046992410E+0
147.000000000000030E+0	720.912904215650800E-6	-126.042356270381750E+0
148.000000000000030E+0	381.297567825835400E-6	-127.031429501890940E+0
149.000000000000030E+0	1.377495820940086E-3	-126.435044531947000E+0
150.000000000000030E+0	2.417052922381047E-3	-127.864167681423680E+0
151.000000000000030E+0	1.228513171308421E-3	-129.046649866051980E+0
152.000000000000030E+0	418.345769233389370E-6	-128.741998240080530E+0
153.000000000000030E+0	413.813351603609310E-6	-128.839819999187110E+0
154.000000000000030E+0	421.100923855941450E-6	-130.003070577914460E+0
155.000000000000030E+0	78.716407045364953E-6	-131.809863436975150E+0
156.000000000000030E+0	165.623139383563250E-6	-129.908386727966360E+0
157.000000000000030E+0	48.185307146415452E-6	-128.580285185583590E+0
158.000000000000030E+0	522.055268537717670E-6	-129.102350333383380E+0
159.000000000000030E+0	634.966263592018810E-6	-130.126327940170370E+0
160.000000000000030E+0	418.351140053381730E-6	-131.473818678911730E+0
161.000000000000030E+0	384.801433568829590E-6	-132.639382710618090E+0
162.000000000000030E+0	288.225680281208180E-6	-132.675268716788420E+0
163.000000000000030E+0	221.342825142257880E-6	-132.567193280678250E+0
164.000000000000030E+0	338.757291544072870E-6	-132.849724540184580E+0
165.000000000000030E+0	320.804019938162880E-6	-133.760950284234500E+0
166.000000000000030E+0	365.007090520532950E-6	-134.383509338961150E+0
167.000000000000030E+0	116.586366041796710E-6	-136.253450565426650E+0
168.000000000000030E+0	350.083158255019230E-6	-133.638684009364480E+0
169.000000000000030E+0	585.679410428330080E-6	-135.092424477355560E+0
170.000000000000030E+0	556.604634489285150E-6	-136.184577545325820E+0
171.000000000000030E+0	307.851105033003390E-6	-136.945474970820160E+0
172.000000000000030E+0	217.071074468143020E-6	-137.787788629316990E+0
173.000000000000030E+0	135.594913894711570E-6	-138.995434216940140E+0
174.000000000000030E+0	150.920034704146860E-6	-138.356002409215310E+0
175.000000000000030E+0	203.752286209830540E-6	-139.243086591906940E+0
176.000000000000030E+0	132.174705670211190E-6	-139.265727145502300E+0
177.000000000000030E+0	265.243399862664590E-6	-140.512717226789190E+0
178.000000000000030E+0	394.612992402865530E-6	-141.815088471425380E+0
179.000000000000030E+0	357.569600531774500E-6	-142.265766078547640E+0
180.000000000000030E+0	245.519050291145790E-6	-142.351444141259180E+0
181.000000000000030E+0	238.286907985688470E-6	-142.679336118740510E+0
182.000000000000030E+0	418.202317864482730E-6	-143.213428146717750E+0
183.000000000000030E+0	729.496810766583910E-6	-144.048820440158810E+0
184.000000000000030E+0	658.698691830409460E-6	-145.402520468467660E+0
185.000000000000030E+0	379.248371751097680E-6	-147.401057589664390E+0
186.000000000000030E+0	367.370946304943690E-6	-149.342589388651620E+0
187.000000000000030E+0	199.952383153374650E-6	-149.663699780275750E+0
188.000000000000030E+0	367.043979186464770E-6	-149.190784041716230E+0
189.000000000000030E+0	417.344729430027500E-6	-149.551881197511620E+0
190.000000000000030E+0	419.219497205095260E-6	-150.096941144466430E+0
191.000000000000030E+0	312.372276439894030E-6	-151.190304488441770E+0
192.000000000000030E+0	226.190121391702520E-6	-148.614455931200690E+0
193.000000000000030E+0	457.255194052570610E-6	-149.774469980987450E+0
194.000000000000030E+0	15.387025862735697E-6	-149.687061217699920E+0
195.000000000000030E+0	288.822069792235300E-6	-148.819499889720450E+0
196.000000000000030E+0	231.810549480370400E-6	-149.872076953579210E+0
197.000000000000030E+0	127.278059473569280E-6	-150.243987182339710E+0
198.000000000000030E+0	53.988010559995958E-6	-149.406403100140320E+0
199.000000000000030E+0	136.895458867886260E-6	-148.167579199491310E+0
200.000000000000030E+0	129.792863545516740E-6	-148.031565450747250E+0
201.000000000000030E+0	96.893780287985912E-6	-145.641575900622370E+0
202.000000000000030E+0	324.538129509834740E-6	-145.429656065608380E+0
203.000000000000030E+0	325.948010219746060E-6	-145.908892538058840E+0
204.000000000000030E+0	103.047218487260850E-6	-147.624980971096480E+0
205.000000000000030E+0	190.334246791333880E-6	-149.637112907162390E+0
206.000000000000030E+0	220.442544473104870E-6	-150.417715021820900E+0
207.000000000000030E+0	50.691617103105900E-6	-151.587254259157700E+0
208.000000000000030E+0	130.000231691943940E-6	-148.720495115754150E+0
209.000000000000030E+0	27.063897122478107E-6	-151.653052454511060E+0
210.000000000000030E+0	159.201089050975180E-6	-153.248127125627600E+0
211.000000000000030E+0	455.420024524480750E-6	-153.632783785587660E+0
212.000000000000030E+0	636.368307603941240E-6	-154.002217683523750E+0
213.000000000000030E+0	303.754118892784440E-6	-153.995800686063430E+0
214.000000000000030E+0	134.256854618064140E-6	-154.574586721046980E+0
215.000000000000030E+0	369.094754123705630E-6	-153.947845587765610E+0
216.000000000000030E+0	884.590759034328650E-6	-153.968378769817660E+0
217.000000000000030E+0	915.454672253596550E-6	-153.982501596552080E+0
218.000000000000030E+0	714.488861956415960E-6	-154.320350190807370E+0
219.000000000000030E+0	275.761838806766790E-6	-154.934356933271230E+0
220.000000000000030E+0	78.519495195710458E-6	-156.754323055075960E+0
221.000000000000030E+0	161.484527944949190E-6	-157.768340540657560E+0
222.000000000000030E+0	122.729444745465710E-6	-157.538719569809330E+0
223.000000000000030E+0	169.958251316072450E-6	-156.911811524999710E+0
224.000000000000030E+0	215.899259741331060E-6	-158.468169960808690E+0
225.000000000000030E+0	382.151285062166210E-6	-159.249236863050840E+0
226.000000000000030E+0	194.311166098312150E-6	-159.611176980186030E+0
227.000000000000030E+0	156.868289817008230E-6	-160.602178603230980E+0
228.000000000000030E+0	248.522048532518650E-6	-160.977917640590310E+0
229.000000000000030E+0	62.536060743877985E-6	-160.739071727371110E+0
230.000000000000030E+0	231.530095098477430E-6	-159.009214151534730E+0
231.000000000000030E+0	208.842309323830860E-6	-161.266252734311620E+0
232.000000000000030E+0	439.933323199843020E-6	-162.024921612175380E+0
233.000000000000030E+0	264.882753315086990E-6	-161.532977048226140E+0
234.000000000000030E+0	20.752756158072901E-6	-159.110310470217850E+0
235.000000000000030E+0	303.894925176158420E-6	-158.354846349933980E+0
236.000000000000030E+0	128.802207695379200E-6	-158.532340024153200E+0
237.000000000000030E+0	174.379481825664580E-6	-157.681860227526750E+0
238.000000000000030E+0	584.400025461198040E-6	-158.031301509207480E+0
239.000000000000030E+0	464.014222442391280E-6	-158.378067592487270E+0
240.000000000000030E+0	199.765121388325490E-6	-155.786439962812660E+0
241.000000000000030E+0	472.835119608251320E-6	-156.384110785797500E+0
242.000000000000030E+0	289.519029994052400E-6	-157.337807664560980E+0
243.000000000000030E+0	266.333922555416170E-6	-158.461309558166620E+0
244.000000000000030E+0	233.379984900068680E-6	-158.589502712499320E+0
245.000000000000030E+0	226.194229275474430E-6	-158.107539964654450E+0
246.000000000000030E+0	364.912625649265470E-6	-158.142584945509440E+0
247.000000000000030E+0	325.784344485470180E-6	-158.803286349294130E+0
248.000000000000030E+0	413.602447607110180E-6	-160.073581361274250E+0
249.000000000000030E+0	595.679272816538130E-6	-160.528865537458670E+0
250.000000000000030E+0	418.822776979393210E-6	-161.012668603115120E+0
251.000000000000030E+0	298.863973465969850E-6	-162.010167005500560E+0
252.000000000000030E+0	256.830720589264950E-6	-161.709559940526590E+0
253.000000000000030E+0	282.656652651288260E-6	-160.735157623749250E+0
254.000000000000030E+0	433.077349615188340E-6	-159.526366474420400E+0
255.000000000000030E+0	526.630556076068050E-6	-159.274447333714990E+0
256.000000000000060E+0	192.185620344141500E-6	-159.870160553791660E+0
257.000000000000060E+0	219.534291217989790E-6	-161.826663801983640E+0
258.000000000000060E+0	133.102136431434170E-6	-161.790760682047790E+0
259.000000000000060E+0	582.283715396480720E-6	-160.075190605789690E+0
260.000000000000060E+0	715.869842776905070E-6	-160.514044793706490E+0
261.000000000000060E+0	391.977890342694160E-6	-161.787439647292760E+0
262.000000000000060E+0	98.381709942555338E-6	-164.189439487049470E+0
263.000000000000060E+0	598.912441167554370E-6	-165.857808922913080E+0
264.000000000000060E+0	626.166937968409160E-6	-166.018034325582020E+0
265.000000000000060E+0	320.572107666130330E-6	-165.892559901540950E+0
266.000000000000060E+0	171.935160199300860E-6	-166.611184550705730E+0
267.000000000000060E+0	358.977821143268790E-6	-167.243676811966540E+0
268.000000000000060E+0	287.211202424904200E-6	-167.142188891994120E+0
269.000000000000060E+0	117.344977191222270E-6	-164.641491055873270E+0
270.000000000000060E+0	544.401605664344550E-6	-164.219612582828230E+0
271.000000000000060E+0	553.852592277445160E-6	-164.153429476742050E+0
272.000000000000060E+0	181.648652333421680E-6	-162.879246779956190E+0
273.000000000000060E+0	709.000005150449610E-6	-161.875324845610010E+0
274.000000000000060E+0	527.496657115353140E-6	-161.910851445972670E+0
275.000000000000060E+0	515.018256296718450E-6	-159.331284761156210E+0
276.000000000000060E+0	624.118014558063530E-6	-159.749912030833060E+0
277.000000000000060E+0	595.428336727647670E-6	-160.892065382440220E+0
278.000000000000060E+0	219.489596216091320E-6	-158.588552050828870E+0
279.000000000000060E+0	1.663138075807353E-3	-157.790824404651030E+0
280.000000000000060E+0	1.427091878570665E-3	-157.661902125596810E+0
281.000000000000060E+0	538.300399338813660E-6	-160.166241363327320E+0
282.000000000000060E+0	1.958818841305989E-3	-160.376050232999290E+0
283.000000000000060E+0	1.672180735038166E-3	-160.462935331539600E+0
284.000000000000060E+0	1.004170990781753E-3	-161.800683867318670E+0
285.000000000000060E+0	1.121110332059397E-3	-162.528599446370580E+0
286.000000000000060E+0	768.445845074459720E-6	-163.076622719140290E+0
287.000000000000060E+0	812.641050372280360E-6	-162.165877391442760E+0
288.000000000000060E+0	1.000715788916787E-3	-161.275858294305150E+0
289.000000000000060E+0	606.468843751136110E-6	-162.120598447219150E+0
290.000000000000060E+0	2.623431774502469E-3	-162.523282288999520E+0
291.000000000000060E+0	3.448906433875251E-3	-162.320870411871080E+0
292.000000000000060E+0	3.559922582263221E-3	-161.889028800813180E+0
293.000000000000060E+0	3.973122207062929E-3	-161.759239423371010E+0
294.000000000000060E+0	3.228282201760044E-3	-161.903438067315280E+0
295.000000000000060E+0	1.424412315376448E-3	-161.804275614089020E+0
296.000000000000060E+0	618.790354175508720E-6	-162.208182151108130E+0
297.000000000000060E+0	3.085152842167671E-3	-161.864843947570680E+0
298.000000000000060E+0	5.051153712606643E-3	-161.462415511008570E+0
299.000000000000060E+0	7.232831949898003E-3	-160.585141381107600E+0
300.000000000000060E+0	6.327329437167238E-3	-159.423684978382000E+0
301.000000000000060E+0	3.367159898313182E-3	-158.801985910168300E+0
302.000000000000060E+0	3.917772557610853E-3	-156.260548943011940E+0
303.000000000000060E+0	6.800273733203828E-3	-155.942940808941270E+0
304.000000000000060E+0	5.019306108558481E-3	-155.773746300861770E+0
305.000000000000060E+0	6.825537315133734E-3	-155.887650739331120E+0
306.000000000000060E+0	25.520413664775563E-3	-156.413305439951670E+0
307.000000000000060E+0	18.582097131489096E-3	-154.525786636037450E+0
308.000000000000060E+0	15.524734729145543E-3	-156.153228747723260E+0
309.000000000000060E+0	18.175586960998257E-3	-158.889785988452980E+0
310.000000000000060E+0	21.170081403197961E-3	-159.153640267078430E+0
311.000000000000060E+0	6.552116613039305E-3	-156.052603426889480E+0
312.000000000000060E+0	6.735729129024883E-3	-155.547140379137460E+0
313.000000000000060E+0	4.372794705528952E-3	-156.481030930668340E+0
314.000000000000060E+0	4.618635804280671E-3	-156.723456380869980E+0
315.000000000000060E+0	6.872581277537660E-3	-157.441329652454580E+0
316.000000000000060E+0	8.425612553203525E-3	-157.481161287515250E+0
317.000000000000060E+0	6.743781700579512E-3	-157.337253765348150E+0
318.000000000000060E+0	4.098516977998344E-3	-155.765308533548650E+0
319.000000000000060E+0	3.939013964181023E-3	-154.649045301297240E+0
320.000000000000060E+0	4.929663356631736E-3	-153.671871598036720E+0
321.000000000000060E+0	4.196978596383470E-3	-152.945782176012130E+0
322.000000000000060E+0	1.369692110114240E-3	-151.991613791179390E+0
323.000000000000060E+0	622.355150209662740E-6	-148.907274664836930E+0
324.000000000000060E+0	628.633084859616590E-6	-147.481670312574120E+0
325.000000000000060E+0	818.740649872047000E-6	-144.443480381979210E+0
326.000000000000060E+0	1.774414662796828E-3	-143.750920413547330E+0
327.000000000000060E+0	1.613041277345239E-3	-143.675729218918660E+0
328.000000000000060E+0	2.474477171832595E-3	-144.149720089026740E+0
329.000000000000060E+0	1.969109339959137E-3	-143.332089479985200E+0
330.000000000000060E+0	1.425947920214677E-3	-141.028747534971470E+0
331.000000000000060E+0	2.498574280740227E-3	-140.128565685885860E+0
332.000000000000060E+0	1.709275860188873E-3	-139.148160678162210E+0
333.000000000000060E+0	804.056270278879720E-6	-138.027009312085540E+0
334.000000000000060E+0	783.235175432154340E-6	-138.795454438492020E+0
335.000000000000060E+0	1.336785397698938E-3	-138.734801272738820E+0
336.000000000000060E+0	1.241483380560881E-3	-135.684187176210710E+0
337.000000000000060E+0	3.087044564995959E-3	-134.528533478156900E+0
338.000000000000060E+0	2.322344470657100E-3	-133.845644245360430E+0
339.000000000000060E+0	2.024433344025839E-3	-132.449255204120020E+0
340.000000000000060E+0	2.640476129068712E-3	-130.823314711926030E+0
341.000000000000060E+0	1.956447129841555E-3	-129.434733709173660E+0
342.000000000000060E+0	576.542334499103310E-6	-128.258784382083630E+0
343.000000000000060E+0	336.540994751370500E-6	-125.737792430688190E+0
344.000000000000060E+0	792.854396862294500E-6	-124.413536397095870E+0
345.000000000000060E+0	613.454019203754400E-6	-122.491851893188100E+0
346.000000000000060E+0	992.656424505508620E-6	-125.613041351324820E+0
347.000000000000060E+0	1.098233583404718E-3	-123.462575593192170E+0
348.000000000000060E+0	1.890255166885451E-3	-121.551245313069120E+0
349.000000000000060E+0	2.118362320539811E-3	-120.390150201194400E+0
350.000000000000060E+0	2.448088357819971E-3	-118.464832334963670E+0
351.000000000000060E+0	1.857092517317279E-3	-117.019632276582170E+0
352.000000000000060E+0	1.215325870868432E-3	-119.705024827052340E+0
353.000000000000060E+0	1.485436415165169E-3	-118.414683128270280E+0
354.000000000000060E+0	756.619710307432380E-6	-116.090323883822750E+0
355.000000000000060E+0	1.056941584359919E-3	-114.326979818663150E+0
356.000000000000060E+0	578.960474893521640E-6	-113.404917337729500E+0
357.000000000000060E+0	1.017947912158425E-3	-114.427137193626580E+0
358.000000000000060E+0	891.707222409838960E-6	-113.586427406367240E+0
359.000000000000060E+0	636.466344169054180E-6	-115.898859047732740E+0
360.000000000000060E+0	824.315097804173560E-6	-115.199156334346510E+0
361.000000000000060E+0	363.679598625935820E-6	-112.201094465004790E+0
362.000000000000060E+0	958.990254846731450E-6	-111.702844339512240E+0
363.000000000000060E+0	1.766025856331663E-3	-111.103698952446990E+0
364.000000000000060E+0	1.071670281175630E-3	-109.942185178114800E+0
365.000000000000060E+0	526.311255881422610E-6	-110.610965524526260E+0
366.000000000000060E+0	891.858610699782560E-6	-108.939270367265860E+0
367.000000000000060E+0	476.260345161123200E-6	-106.123874982699010E+0
368.000000000000060E+0	1.496646608818478E-3	-103.489323964205540E+0
369.000000000000060E+0	1.745376300714621E-3	-101.840071726490830E+0
370.000000000000060E+0	1.329487728237112E-3	-100.566293806418760E+0
371.000000000000060E+0	752.368763278009270E-6	-99.877235243168172E+0
372.000000000000060E+0	352.556551358038990E-6	-96.822391657637084E+0
373.000000000000060E+0	1.357695410808863E-3	-95.832982494062747E+0
374.000000000000060E+0	1.107233402363178E-3	-95.149928117862146E+0
375.000000000000060E+0	418.249426875614600E-6	-95.189984687356912E+0
376.000000000000060E+0	804.299626691993190E-6	-94.467074501646138E+0
377.000000000000060E+0	1.122462917238406E-3	-92.653644024271443E+0
378.000000000000060E+0	917.378661098247490E-6	-90.251153106210864E+0
379.000000000000060E+0	726.267957389527520E-6	-88.222259888057550E+0
380.000000000000060E+0	319.013910270554890E-6	-90.892773772866192E+0
381.000000000000060E+0	483.928422392491760E-6	-93.165048426284599E+0
382.000000000000060E+0	1.686118569165151E-3	-91.239330674798111E+0
383.000000000000060E+0	2.187688260416059E-3	-89.323815884949141E+0
384.000000000000060E+0	2.164558103691146E-3	-88.026786030540066E+0
385.000000000000060E+0	1.448307686906513E-3	-87.259265800591891E+0
386.000000000000060E+0	380.263033448603520E-6	-86.908330257004351E+0
387.000000000000060E+0	453.881708373978620E-6	-83.849447457253959E+0
388.000000000000060E+0	1.018371135579116E-3	-82.091820879719222E+0
389.000000000000060E+0	799.014610186505180E-6	-79.925240825909739E+0
390.000000000000060E+0	196.500153723658860E-6	-80.132777126455224E+0
391.000000000000060E+0	952.330942963562310E-6	-79.730308883345259E+0
392.000000000000060E+0	1.558555923798651E-3	-78.095499543068172E+0
393.000000000000060E+0	2.086535703547361E-3	-76.361686244045941E+0
394.000000000000060E+0	994.668640666028460E-6	-76.220148794477936E+0
395.000000000000060E+0	1.803814098632976E-3	-75.013430244847612E+0
396.000000000000060E+0	1.759944846957638E-3	-72.441187235721699E+0
397.000000000000060E+0	1.142975787093879E-3	-70.895800769861324E+0
398.000000000000060E+0	603.228531324087840E-6	-70.027678419921244E+0
399.000000000000060E+0	787.148538082189370E-6	-71.395990754457031E+0
400.000000000000060E+0	1.260119918465542E-3	-69.817111858998032E+0
401.000000000000060E+0	601.606809322602940E-6	-68.663139532051332E+0
402.000000000000060E+0	1.302744457434449E-3	-66.224130284648567E+0
403.000000000000060E+0	1.279427444338174E-3	-64.091522418546717E+0
404.000000000000060E+0	2.120933589283679E-3	-67.046458730603888E+0
405.000000000000060E+0	3.342544208956195E-3	-65.480612815007461E+0
406.000000000000060E+0	2.797497636189714E-3	-64.273652144249198E+0
407.000000000000060E+0	1.139977825646804E-3	-62.946721834793585E+0
408.000000000000060E+0	489.762093539236500E-6	-63.124406706725949E+0
409.000000000000060E+0	1.186978440159331E-3	-61.294772460172659E+0
410.000000000000060E+0	630.427990946581760E-6	-59.242990013751168E+0
411.000000000000060E+0	913.647747555074660E-6	-61.437868171749180E+0
412.000000000000060E+0	217.710144907779030E-6	-61.696880135199933E+0
413.000000000000060E+0	2.458900452192391E-3	-61.279100732377486E+0
414.000000000000060E+0	3.458616851405907E-3	-59.614275287241014E+0
415.000000000000060E+0	1.523225547280543E-3	-57.088032518743127E+0
416.000000000000060E+0	2.235936917280250E-3	-59.918191742054674E+0
417.000000000000060E+0	1.182139485717641E-3	-57.288722906891998E+0
418.000000000000060E+0	1.201219183779304E-3	-54.486324637317416E+0
419.000000000000060E+0	718.484198675233410E-6	-52.968248169032854E+0
420.000000000000060E+0	458.343894460470860E-6	-55.698225168876370E+0
421.000000000000060E+0	1.073176576788226E-3	-52.931285961020720E+0
422.000000000000060E+0	967.359965470382240E-6	-50.284112309474658E+0
423.000000000000060E+0	3.041480638117084E-3	-50.369686161651806E+0
424.000000000000060E+0	4.876630601074643E-3	-48.437972681698469E+0
425.000000000000060E+0	2.339325811386468E-3	-46.337198735833326E+0
426.000000000000060E+0	1.225116833694299E-3	-43.830710136085436E+0
427.000000000000060E+0	1.391001523700684E-3	-41.369029995617652E+0
428.000000000000060E+0	1.793492960628759E-3	-38.609759567487458E+0
429.000000000000060E+0	1.286223190344991E-3	-35.652004012968398E+0
430.000000000000060E+0	2.366547446965154E-3	-37.649329966462403E+0
431.000000000000060E+0	2.517247006235359E-3	-34.686946362008776E+0
432.000000000000060E+0	2.215504659954341E-3	-37.476057481078968E+0
433.000000000000060E+0	1.083616899429948E-3	-35.632134059981183E+0
434.000000000000060E+0	252.866977972999110E-6	-33.484042277437723E+0
435.000000000000060E+0	1.574537911153520E-3	-36.141017656491783E+0
436.000000000000060E+0	1.811260740165488E-3	-33.156652658925360E+0
437.000000000000060E+0	3.377947967267505E-3	-31.256289688032989E+0
438.000000000000060E+0	3.547071595275290E-3	-29.634305601712484E+0
439.000000000000060E+0	2.771144651548074E-3	-27.914094702981931E+0
440.000000000000060E+0	1.790929331127888E-3	-26.810120871334565E+0
441.000000000000060E+0	1.228561035592645E-3	-24.873980030864196E+0
442.000000000000060E+0	923.646722508870520E-6	-27.514218235781481E+0
443.000000000000060E+0	1.221915542271627E-3	-24.585154265681936E+0
444.000000000000060E+0	884.595499608493530E-6	-21.903904472615448E+0
445.000000000000060E+0	1.122984629702267E-3	-23.622649652007105E+0
446.000000000000060E+0	3.179734433415965E-3	-21.034689399752654E+0
447.000000000000060E+0	6.048154451342947E-3	-18.870839244700157E+0
448.000000000000060E+0	5.021626056044959E-3	-16.714642122862443E+0
449.000000000000060E+0	5.174653588535445E-3	-19.440320969812753E+0
450.000000000000060E+0	8.418075691115042E-3	-16.700599592963567E+0
451.000000000000060E+0	7.316120316261340E-3	-14.014512272118589E+0
452.000000000000060E+0	1.611533329196444E-3	-16.950384085124700E+0
453.000000000000060E+0	1.602366729937422E-3	-14.013998243957118E+0
454.000000000000060E+0	2.696163998080070E-3	-12.479212403493396E+0
455.000000000000060E+0	3.904457102232018E-3	-10.168269711923074E+0
456.000000000000060E+0	3.169884228356590E-3	-7.838806021516013E+0
457.000000000000060E+0	1.623658500879790E-3	-7.157071674633555E+0
458.000000000000060E+0	1.477858045723199E-3	-7.191162102571506E+0
459.000000000000060E+0	1.572861221481637E-3	-5.698139121663221E+0
460.000000000000060E+0	2.369170376605395E-3	-7.860309824376185E+0
461.000000000000060E+0	4.326629896748009E-3	-5.971319469272238E+0
462.000000000000060E+0	5.617922589881552E-3	-4.499810178380851E+0
463.000000000000060E+0	1.401244992694273E-3	-1.934115814418899E+0
464.000000000000060E+0	3.571610524138263E-3	-4.717280640711882E+0
465.000000000000060E+0	6.065004132287257E-3	-2.528347998635829E+0
466.000000000000060E+0	6.501976953746977E-3	-262.775038859421000E-3
467.000000000000060E+0	7.395396251332791E-3	2.392109577630936E+0
468.000000000000060E+0	7.394310844075490E-3	5.143176000341239E+0
469.000000000000060E+0	4.034253982278831E-3	2.236168293964452E+0
470.000000000000060E+0	6.542373373427677E-3	215.643178202397760E-3
471.000000000000060E+0	9.784613404628299E-3	-2.570590890892863E+0
472.000000000000060E+0	12.198481987965380E-3	505.652046559543660E-3
473.000000000000060E+0	10.165756728353603E-3	3.186367730224637E+0
474.000000000000060E+0	4.852141783589328E-3	4.211366600601098E+0
475.000000000000060E+0	13.223651400619030E-3	6.037557403095348E+0
476.000000000000060E+0	3.545368211214672E-3	8.671440410499422E+0
477.000000000000060E+0	5.324176276491874E-3	9.112667997110954E+0
478.000000000000060E+0	3.103038214508555E-3	10.752475385277679E+0
479.000000000000060E+0	1.855182651353696E-3	13.423815781368232E+0
480.000000000000060E+0	4.026828498454113E-3	10.283164899924397E+0
481.000000000000060E+0	4.190606524239931E-3	7.559653681558699E+0
482.000000000000060E+0	10.684886662749835E-3	5.348844998316894E+0
483.000000000000060E+0	4.846972182459457E-3	7.557641089203294E+0
484.000000000000060E+0	10.960584988896882E-3	6.474303838083565E+0
485.000000000000060E+0	26.228202879054627E-3	8.680820530279691E+0
486.000000000000060E+0	22.715318311567135E-3	11.186677758903826E+0
487.000000000000060E+0	6.806211534231911E-3	8.550598296573870E+0
488.000000000000060E+0	7.904507993655243E-3	8.177666474971803E+0
489.000000000000060E+0	15.247385527662008E-3	10.381009261225490E+0
490.000000000000060E+0	18.344873347159094E-3	7.952794447161184E+0
491.000000000000060E+0	23.948791746452196E-3	10.116002048226875E+0
492.000000000000060E+0	21.179122348789721E-3	11.974111564159173E+0
493.000000000000060E+0	27.820733423699472E-3	14.523511434275505E+0
494.000000000000060E+0	188.517291784849270E-3	13.585432283366444E+0
495.000000000000060E+0	3.878997201586274E-3	16.314185371624557E+0
496.000000000000060E+0	22.218124210697802E-3	14.129320399668277E+0
497.000000000000060E+0	8.801853585096020E-3	14.995752300042477E+0
498.000000000000060E+0	6.378924708682033E-3	12.069482622506415E+0
499.000000000000060E+0	23.672966671550794E-3	15.126101037400387E+0
500.000000000000060E+0	43.063335582713594E-3	15.202147116073872E+0
