Freq (Hz)	micro/hp_Real	micro/hp_Imag
49.000000000000007E+0	-155.241255092781420E-3	-54.481086730236203E-3
50.000000000000007E+0	231.349576696937620E-3	411.122032484935900E-3
51.000000000000007E+0	-541.861415676807900E-3	-89.412245955895614E-3
52.000000000000007E+0	308.570936656070160E-3	-194.597089645557110E-3
53.000000000000007E+0	-173.048064667037090E-3	60.669248156168344E-3
54.000000000000007E+0	180.507145224275240E-3	-18.412739327611755E-3
55.000000000000007E+0	-111.492137049034060E-3	-13.417680833643229E-3
56.000000000000007E+0	30.385787017381437E-3	-36.224725071147698E-3
57.000000000000007E+0	-88.251008831741348E-3	48.377096579307777E-3
58.000000000000007E+0	46.322476171095750E-3	56.835165779375252E-3
59.000000000000007E+0	58.616648230229558E-3	-59.074005968962472E-3
60.000000000000007E+0	-63.674240753320468E-3	33.455745876777902E-3
61.000000000000007E+0	14.554559553639618E-3	-25.595699923007843E-3
62.000000000000007E+0	-20.248900041496057E-3	42.896974255749766E-3
63.000000000000007E+0	23.904353658304098E-3	-29.872018885770475E-3
64.000000000000014E+0	-6.788627232832693E-3	14.623433770745866E-3
65.000000000000014E+0	-3.200273059198980E-3	14.770782737590650E-3
66.000000000000014E+0	25.187932996070500E-3	-18.510286141654921E-3
67.000000000000014E+0	-21.002274115910987E-3	-930.857498139641400E-6
68.000000000000014E+0	5.647851687840855E-3	14.344231097068323E-3
69.000000000000014E+0	8.140591801213990E-3	-17.419172899726054E-3
70.000000000000014E+0	-10.267390340022329E-3	24.399291635341200E-3
71.000000000000014E+0	17.029656562110921E-3	-11.707970574965700E-3
72.000000000000014E+0	-15.462216765964730E-3	6.840594179312725E-3
73.000000000000014E+0	12.772266104057461E-3	-1.488264670439273E-3
74.000000000000014E+0	-2.227431520741974E-3	2.278431032231377E-3
75.000000000000014E+0	-5.688044865678150E-3	-427.101476161524420E-6
76.000000000000014E+0	18.825169797054408E-3	2.408727213811652E-3
77.000000000000014E+0	-17.495887644740075E-3	-942.259799577810840E-6
78.000000000000014E+0	14.207912739584607E-3	-7.529581789327816E-3
79.000000000000014E+0	-18.898652573055581E-3	-3.976889614460612E-3
80.000000000000014E+0	6.357370333535776E-3	20.407276472709360E-3
81.000000000000014E+0	5.266067444531799E-3	-8.822370458573103E-3
82.000000000000014E+0	-1.815570416884788E-3	-6.801040143337669E-3
83.000000000000014E+0	6.574976819233273E-3	7.749109816876040E-3
84.000000000000014E+0	-8.190185559928797E-3	-20.921328930294279E-3
85.000000000000014E+0	-10.078705242853682E-3	11.030001455985292E-3
86.000000000000014E+0	2.257437594877031E-3	11.399378790248065E-3
87.000000000000014E+0	9.393944216455568E-3	-6.167837934556308E-3
88.000000000000014E+0	-5.987558070936850E-3	823.100130269726870E-6
89.000000000000014E+0	11.111605585408323E-3	3.584609833095964E-3
90.000000000000014E+0	-3.085135613763746E-3	-14.732013273517443E-3
91.000000000000014E+0	-2.940539576518225E-3	2.194559012404384E-3
92.000000000000014E+0	-4.784255370619310E-3	-850.993591124890980E-6
93.000000000000014E+0	-1.698923271874627E-3	1.464537756743965E-3
94.000000000000014E+0	97.260759858990603E-6	5.701475477518914E-3
95.000000000000014E+0	5.297387332958105E-3	-1.395981908241703E-3
96.000000000000014E+0	-2.325198680923749E-3	-1.202082432963628E-3
97.000000000000014E+0	2.927256995094790E-3	2.993154568788683E-3
98.000000000000014E+0	2.208731162201515E-3	-6.048776513324986E-3
99.000000000000014E+0	-19.665659590929679E-3	-3.991288725164184E-3
100.000000000000010E+0	9.480165954171045E-3	29.960903934234014E-3
101.000000000000010E+0	11.234088592678904E-3	-7.323792587936379E-3
102.000000000000010E+0	3.343402581190223E-3	-7.763456615174341E-3
103.000000000000010E+0	-6.300122992065527E-3	2.361816489976598E-3
104.000000000000010E+0	2.365833879423167E-3	2.329927394236370E-3
105.000000000000010E+0	766.476389264547340E-6	-542.543183896619540E-6
106.000000000000010E+0	3.397506122377283E-3	554.735658685902260E-6
107.000000000000010E+0	-1.418217564295228E-3	-5.239334804842882E-3
108.000000000000010E+0	-2.525122687811175E-3	2.849432566501339E-3
109.000000000000010E+0	2.258974910553729E-3	-783.854017572390000E-6
110.000000000000010E+0	-1.258867063994829E-3	-2.108217185285714E-3
111.000000000000010E+0	-591.335028789162150E-6	-125.626349012179720E-6
112.000000000000010E+0	-3.289473829651286E-3	-1.142902521265027E-3
113.000000000000010E+0	-1.323064329739263E-3	2.477468794334891E-3
114.000000000000010E+0	-3.625821175595748E-3	2.260643817790715E-3
115.000000000000010E+0	-711.248177410345470E-6	13.110130442871517E-3
116.000000000000010E+0	14.471285200495322E-3	-1.632717231813122E-3
117.000000000000010E+0	-5.680165603179501E-3	-2.797479518014243E-3
118.000000000000010E+0	1.999323584816038E-3	3.228276083986855E-3
119.000000000000010E+0	163.832555625162430E-6	-929.475051515062100E-6
120.000000000000010E+0	-1.403858997046870E-3	498.484209130453400E-6
121.000000000000010E+0	-477.039323827323910E-6	1.426345831810106E-3
122.000000000000010E+0	591.248950505478200E-6	1.449130904040847E-3
123.000000000000010E+0	2.939070870423654E-3	-1.472419112162794E-3
124.000000000000010E+0	-3.292865108876810E-3	-2.930958321480058E-3
125.000000000000010E+0	-1.134287787223281E-3	2.358721470981756E-3
126.000000000000010E+0	-102.795871239659590E-6	938.616215601908910E-6
127.000000000000010E+0	1.752154641146145E-3	1.312324923820325E-3
128.000000000000030E+0	926.066806902320370E-6	-1.591287973654068E-3
129.000000000000030E+0	-678.018548311770080E-6	-124.986101833742830E-6
130.000000000000030E+0	-227.455354710520090E-6	-455.029403867455510E-6
131.000000000000030E+0	-575.942370276378430E-6	325.054614656925910E-6
132.000000000000030E+0	61.148144920967823E-6	-239.681637614205300E-6
133.000000000000030E+0	-700.367453249058860E-6	-205.838591967230540E-6
134.000000000000030E+0	-851.757126176830020E-6	620.196047125182930E-6
135.000000000000030E+0	211.526439790238050E-6	559.188508038106440E-6
136.000000000000030E+0	-103.812283359129690E-6	-525.879942876462380E-6
137.000000000000030E+0	-1.099889531185858E-3	-198.019009141567780E-6
138.000000000000030E+0	-813.733603076829220E-6	406.277914424412630E-6
139.000000000000030E+0	352.059126059189400E-6	770.190107783414380E-6
140.000000000000030E+0	331.780173382342170E-6	-400.432773617817910E-6
141.000000000000030E+0	405.912321946918530E-6	-244.849543313934910E-6
142.000000000000030E+0	-99.569579301478866E-6	-651.362324862771070E-6
143.000000000000030E+0	-183.384390383622810E-6	55.082683218808309E-6
144.000000000000030E+0	379.233903818474410E-6	-129.953821667928370E-6
145.000000000000030E+0	-93.086061016219092E-6	-345.256008762134470E-6
146.000000000000030E+0	24.603973374509692E-6	339.730524145875740E-6
147.000000000000030E+0	456.193681647702180E-6	-2.255159841465258E-6
148.000000000000030E+0	138.955013473979810E-6	-64.512234508282010E-6
149.000000000000030E+0	595.557163123351550E-6	-507.240708278337190E-6
150.000000000000030E+0	-753.286166028459360E-6	-711.712054624334550E-6
151.000000000000030E+0	15.647935507314746E-6	158.310092028643600E-6
152.000000000000030E+0	-118.933039343370610E-6	-450.480622926789370E-6
153.000000000000030E+0	-275.210137399973680E-6	-226.790192780817580E-6
154.000000000000030E+0	-259.490445241370000E-6	-70.965233735120948E-6
155.000000000000030E+0	-225.740370692598980E-6	110.525466033464250E-6
156.000000000000030E+0	152.432814898064700E-6	296.196458679444720E-6
157.000000000000030E+0	189.463323410466770E-6	-169.062133504857630E-6
158.000000000000030E+0	-186.506415874945800E-6	-148.728507952795560E-6
159.000000000000030E+0	-401.079140550557290E-6	324.785427791904450E-6
160.000000000000030E+0	295.857018818288730E-6	288.797724327839710E-6
161.000000000000030E+0	-178.932987451756050E-6	6.173487197826581E-6
162.000000000000030E+0	112.816793831634090E-6	461.749152613296040E-6
163.000000000000030E+0	323.384057337629840E-6	47.570358167180498E-6
164.000000000000030E+0	87.560922742040283E-6	-151.972038699177710E-6
165.000000000000030E+0	-161.993296952511220E-6	99.806978365657870E-6
166.000000000000030E+0	274.414342531834770E-6	282.093909018077360E-6
167.000000000000030E+0	256.680240388904760E-6	15.330643541470802E-6
168.000000000000030E+0	228.845002514593030E-6	124.927438753145730E-6
169.000000000000030E+0	325.202963472237230E-6	26.221231553244293E-6
170.000000000000030E+0	162.776904363298800E-6	-278.237013957002360E-6
171.000000000000030E+0	-233.399936045056720E-6	-166.674310406710680E-6
172.000000000000030E+0	-258.508032254702120E-6	172.177572105978020E-6
173.000000000000030E+0	47.406550972325618E-6	332.824623016219680E-6
174.000000000000030E+0	241.173935350776290E-6	27.758849004141933E-6
175.000000000000030E+0	-7.960890598403884E-6	-73.952424359721055E-6
176.000000000000030E+0	-46.574359321199095E-6	60.816789511201020E-6
177.000000000000030E+0	120.192620829675300E-6	109.805702189839220E-6
178.000000000000030E+0	32.051636502640594E-6	-80.495195777737725E-6
179.000000000000030E+0	8.406293265131076E-6	111.289325504898650E-6
180.000000000000030E+0	-2.287494312418941E-6	26.555245267260825E-6
181.000000000000030E+0	16.384075879328710E-6	125.153961406295010E-6
182.000000000000030E+0	-107.846817094999050E-6	37.222487704211262E-6
183.000000000000030E+0	1.948112992992024E-6	457.192273254944750E-6
184.000000000000030E+0	535.561099529949320E-6	141.261770258138440E-6
185.000000000000030E+0	215.374078420434560E-6	-292.281202168551620E-6
186.000000000000030E+0	-79.396781571003727E-6	-110.653547929666630E-6
187.000000000000030E+0	41.720263204060367E-6	11.133162656749853E-6
188.000000000000030E+0	8.627812326240296E-6	-107.958122532860010E-6
189.000000000000030E+0	-92.423122126356478E-6	44.266608029065599E-6
190.000000000000030E+0	34.410913851861315E-6	44.750827538445223E-6
191.000000000000030E+0	-125.634482906422730E-6	-100.007720687515120E-6
192.000000000000030E+0	-74.617169429180816E-6	124.169087746196410E-6
193.000000000000030E+0	90.151108789347347E-6	-53.308300323613382E-6
194.000000000000030E+0	-29.938256313776166E-6	61.687800220468022E-6
195.000000000000030E+0	157.644486958057400E-6	12.288072943663017E-6
196.000000000000030E+0	59.925817351913094E-6	-144.670154009106010E-6
197.000000000000030E+0	-51.769547064557295E-6	-52.681876335205891E-6
198.000000000000030E+0	53.522995448246368E-6	136.762521195545970E-6
199.000000000000030E+0	9.592047433834035E-6	18.608522469837870E-6
200.000000000000030E+0	-168.113294073550510E-6	194.301365003202870E-6
201.000000000000030E+0	-41.448704839342816E-6	206.066833651259790E-6
202.000000000000030E+0	47.090601507824199E-6	199.061232326550190E-6
203.000000000000030E+0	154.846872521313980E-6	38.106848189707581E-6
204.000000000000030E+0	-14.531113724847143E-6	-60.819855065107811E-6
205.000000000000030E+0	-48.439939839406490E-6	-79.797605175950512E-6
206.000000000000030E+0	105.994572433220900E-6	-84.215598648556866E-6
207.000000000000030E+0	279.470574021746400E-6	-370.740968811839720E-6
208.000000000000030E+0	-42.009974952326496E-6	-235.718266071860690E-6
209.000000000000030E+0	75.869608388368236E-6	51.199504605290619E-6
210.000000000000030E+0	67.146299676746929E-6	2.338452618929998E-6
211.000000000000030E+0	87.490605248544416E-6	-74.544185979832537E-6
212.000000000000030E+0	-46.779332945236086E-6	-152.797468285355700E-6
213.000000000000030E+0	-90.981613999895498E-6	-47.831238168349195E-6
214.000000000000030E+0	-137.419323470513540E-6	-171.947537161081500E-6
215.000000000000030E+0	-613.284245825706980E-6	-154.539262191884120E-6
216.000000000000030E+0	-521.663773123190370E-6	467.947479791223110E-6
217.000000000000030E+0	142.547127178331640E-6	365.599956000078510E-6
218.000000000000030E+0	160.758889900183840E-6	8.651755367984315E-6
219.000000000000030E+0	117.907324144066350E-6	-172.585807597191270E-6
220.000000000000030E+0	-70.483161105207431E-6	-382.061853984872080E-6
221.000000000000030E+0	-248.825094188424030E-6	-171.115533363105670E-6
222.000000000000030E+0	-99.814255307721921E-6	32.506731520605941E-6
223.000000000000030E+0	-132.078745724635440E-6	32.911494926963938E-6
224.000000000000030E+0	-223.810866169302640E-6	6.874072952062681E-6
225.000000000000030E+0	-211.159518657973840E-6	35.569299607452655E-6
226.000000000000030E+0	61.179392060358454E-6	77.403519142825466E-6
227.000000000000030E+0	217.428662154443100E-6	-84.171941289854578E-6
228.000000000000030E+0	92.800981791285836E-6	-241.753456547681970E-6
229.000000000000030E+0	-76.593944729561606E-6	-203.308037881617360E-6
230.000000000000030E+0	-144.344244650856290E-6	-8.581524621297255E-6
231.000000000000030E+0	-24.654467599092396E-6	195.218264853463450E-6
232.000000000000030E+0	101.348537741299290E-6	86.556364738172841E-6
233.000000000000030E+0	65.733057084835532E-6	-80.246853460767963E-6
234.000000000000030E+0	110.809786581747790E-6	-187.932061872102630E-6
235.000000000000030E+0	69.392941653517249E-6	-118.962942218843510E-6
236.000000000000030E+0	128.873212526587230E-6	59.331565909116949E-6
237.000000000000030E+0	78.705724563310134E-6	1.230052400464576E-6
238.000000000000030E+0	-173.640642213861540E-6	121.631920634284090E-6
239.000000000000030E+0	-126.489947264175440E-6	277.466634594229190E-6
240.000000000000030E+0	86.645892576471198E-6	128.858781280488170E-6
241.000000000000030E+0	143.218836497322980E-6	15.285844921204403E-6
242.000000000000030E+0	100.952060006145760E-6	-106.228842176856670E-6
243.000000000000030E+0	-67.850442603472098E-6	-221.308567978555580E-6
244.000000000000030E+0	-49.668549402347536E-6	-110.659513653457060E-6
245.000000000000030E+0	9.360960371218699E-6	-46.574202034876986E-6
246.000000000000030E+0	-98.707734381042579E-6	-33.215807056276592E-6
247.000000000000030E+0	-326.615912567081620E-6	34.881656858403363E-6
248.000000000000030E+0	-309.556016918478720E-6	147.816763946225180E-6
249.000000000000030E+0	-212.231232804775900E-6	-138.946402342589650E-6
250.000000000000030E+0	-303.064284036216990E-6	-131.288611950871370E-6
251.000000000000030E+0	-677.449155539090600E-9	118.807384314387240E-6
252.000000000000030E+0	41.650994076576354E-6	187.535490720279500E-6
253.000000000000030E+0	-145.896724366889590E-6	281.189170357702110E-6
254.000000000000030E+0	-149.395937719603930E-6	304.957378601337580E-6
255.000000000000030E+0	2.854106285446069E-6	245.377194544304190E-6
256.000000000000060E+0	-13.719207440746597E-6	-11.518181411788990E-6
257.000000000000060E+0	-94.417753297495617E-6	-130.062019114076930E-6
258.000000000000060E+0	51.201868590704956E-6	-180.818229199345880E-6
259.000000000000060E+0	220.038620503257180E-6	-244.607434032024990E-6
260.000000000000060E+0	195.295736027887810E-6	-125.978519639663120E-6
261.000000000000060E+0	266.484270901174690E-6	101.778488951101440E-6
262.000000000000060E+0	417.881696109763190E-6	201.929739243733150E-6
263.000000000000060E+0	367.033636265758680E-6	388.443435038492410E-6
264.000000000000060E+0	255.812526667874360E-6	147.222106743952130E-6
265.000000000000060E+0	81.997370530821121E-6	-329.022082979772730E-6
266.000000000000060E+0	-101.787785329347320E-6	-134.281521275555690E-6
267.000000000000060E+0	-278.631646480420350E-6	258.737434260065230E-6
268.000000000000060E+0	-412.722161795172170E-6	229.702119062407860E-6
269.000000000000060E+0	-286.206497690517270E-6	-22.184281338611482E-6
270.000000000000060E+0	-413.705267604314900E-6	-347.312040949521290E-6
271.000000000000060E+0	-809.432574205681930E-6	-337.917887524848450E-6
272.000000000000060E+0	-654.970980215621070E-6	-86.609043118493378E-6
273.000000000000060E+0	-206.257580656500290E-6	-119.708945065030600E-6
274.000000000000060E+0	-55.053834237521290E-6	-169.826395649963080E-6
275.000000000000060E+0	116.058511612517370E-6	-184.316405796805520E-6
276.000000000000060E+0	271.066334294639100E-6	77.202236336078593E-6
277.000000000000060E+0	159.262074756233590E-6	354.662651091664580E-6
278.000000000000060E+0	-169.619669280992660E-6	108.705567459306740E-6
279.000000000000060E+0	-392.456517622387180E-6	-218.489851464572040E-6
280.000000000000060E+0	-154.565155093843860E-6	-344.677229756549010E-6
281.000000000000060E+0	-49.469725033170000E-6	-372.223500730632340E-6
282.000000000000060E+0	-425.243020235734480E-6	28.810235239563550E-6
283.000000000000060E+0	-589.974451056179110E-6	652.960950605990580E-6
284.000000000000060E+0	-213.531718411193640E-6	828.744226997580530E-6
285.000000000000060E+0	-147.458923706788710E-6	728.339343956223040E-6
286.000000000000060E+0	-760.715852833339780E-6	1.179299931592979E-3
287.000000000000060E+0	-1.103116789281682E-3	1.368747062109016E-3
288.000000000000060E+0	-971.836651487267790E-6	825.923689817945710E-6
289.000000000000060E+0	-834.387781920490290E-6	283.709282196962940E-6
290.000000000000060E+0	-235.692592544110100E-6	534.764705273600770E-6
291.000000000000060E+0	-420.229370438417620E-6	1.096222079620482E-3
292.000000000000060E+0	-1.364859106231229E-3	591.003185427596660E-6
293.000000000000060E+0	-1.100213763204225E-3	-504.275568474407080E-6
294.000000000000060E+0	-151.214333771481120E-6	-290.410746388650600E-6
295.000000000000060E+0	-187.899135577344380E-6	-121.996105724265650E-6
296.000000000000060E+0	-310.899994632675760E-6	-538.115760976315090E-6
297.000000000000060E+0	-159.553861533348700E-6	-21.653544841066941E-6
298.000000000000060E+0	-441.789898010405180E-6	251.800087403077880E-6
299.000000000000060E+0	-730.887443028348760E-6	-293.475921872276990E-6
300.000000000000060E+0	-590.270587405584510E-6	-256.851320488493920E-6
301.000000000000060E+0	-205.942579784191960E-6	627.293085001504440E-6
302.000000000000060E+0	-214.827670990418270E-6	565.519063885208980E-6
303.000000000000060E+0	-149.475699303522980E-6	-421.585678259082340E-6
304.000000000000060E+0	-34.359044290699330E-6	-30.530078610526502E-6
305.000000000000060E+0	-277.646601665158980E-6	367.951904722676540E-6
306.000000000000060E+0	143.279510015975260E-6	-458.484401188099880E-6
307.000000000000060E+0	742.728188911779670E-6	-823.059554753300160E-6
308.000000000000060E+0	765.077827138470200E-6	-199.352919890085710E-6
309.000000000000060E+0	375.839258118014420E-6	-78.774354607181633E-6
310.000000000000060E+0	259.118138560179410E-6	-12.165218138800906E-6
311.000000000000060E+0	103.822387060402480E-6	119.862043883963600E-6
312.000000000000060E+0	9.705648332997192E-6	106.632637020136500E-6
313.000000000000060E+0	-504.318723094073140E-6	115.890118385728390E-6
314.000000000000060E+0	-551.513519655655420E-6	-583.862056890258880E-6
315.000000000000060E+0	1.079146580353824E-3	-641.011479219786720E-6
316.000000000000060E+0	1.623436787703163E-3	-244.165005395014260E-6
317.000000000000060E+0	1.369236762539540E-3	-750.281028829656760E-6
318.000000000000060E+0	1.000737273517365E-3	-563.603551360978010E-6
319.000000000000060E+0	325.749230733209460E-6	-240.907756822830940E-6
320.000000000000060E+0	138.585493585990240E-6	32.589041163919830E-6
321.000000000000060E+0	-352.650372335977300E-6	376.779885319151310E-6
322.000000000000060E+0	-832.452362094614620E-6	125.058372568778340E-6
323.000000000000060E+0	-760.917887525368250E-6	-72.118895448840690E-6
324.000000000000060E+0	-365.880643425702060E-6	-341.853333529149210E-6
325.000000000000060E+0	750.611700234458620E-6	61.775055072314395E-6
326.000000000000060E+0	875.485429132240880E-6	595.676123679951320E-6
327.000000000000060E+0	559.516780136537860E-6	421.469516086389500E-6
328.000000000000060E+0	119.631615148809770E-6	8.210424138254682E-6
329.000000000000060E+0	275.638854757956560E-6	-523.801736926141920E-6
330.000000000000060E+0	175.744811538448700E-6	-179.105730384761690E-6
331.000000000000060E+0	-124.627165312983340E-6	-208.593158104297800E-6
332.000000000000060E+0	-179.007111295265660E-6	-217.140293844581910E-6
333.000000000000060E+0	-228.339188328834930E-6	-778.014393560245860E-6
334.000000000000060E+0	189.324520047919320E-6	-749.547561971438500E-6
335.000000000000060E+0	185.517050517329640E-6	-226.918091187628760E-6
336.000000000000060E+0	8.889636358580999E-6	135.445952586266880E-6
337.000000000000060E+0	131.464634975169780E-6	-545.253291635730310E-6
338.000000000000060E+0	871.777571162342590E-6	-593.390101263303140E-6
339.000000000000060E+0	344.015546741103320E-6	-186.626326781660360E-6
340.000000000000060E+0	169.210229931277050E-6	-276.830914151032690E-6
341.000000000000060E+0	-57.612438938562286E-6	-86.882348313819301E-6
342.000000000000060E+0	-54.763569919013340E-6	-580.366004736123730E-6
343.000000000000060E+0	512.042043893270840E-6	-290.380735097580970E-6
344.000000000000060E+0	-91.730281359468904E-6	317.605069385518210E-6
345.000000000000060E+0	-404.220182788250090E-6	-419.114519190512410E-6
346.000000000000060E+0	301.698347952256670E-6	-123.011722158748540E-6
347.000000000000060E+0	-171.347933846333350E-6	350.433671003830610E-6
348.000000000000060E+0	-176.086582230471810E-6	183.514952365836520E-6
349.000000000000060E+0	12.350136675659926E-6	249.980050446253910E-6
350.000000000000060E+0	285.486808846401750E-6	90.452270141676411E-6
351.000000000000060E+0	322.389541421289490E-6	109.516779816672050E-6
352.000000000000060E+0	226.974730163090020E-6	-140.644111497138710E-6
353.000000000000060E+0	422.318904203385540E-6	236.902387050575120E-6
354.000000000000060E+0	-213.892146836224690E-6	375.241777637722450E-6
355.000000000000060E+0	-57.981290347040186E-6	-381.348844659024360E-6
356.000000000000060E+0	416.402734418406370E-6	-18.107232186141978E-6
357.000000000000060E+0	-171.343383751900630E-6	336.358571400756770E-6
358.000000000000060E+0	-355.247425845355340E-6	-109.896748513601060E-6
359.000000000000060E+0	221.592989213550670E-6	-355.771913691374950E-6
360.000000000000060E+0	325.455302015842120E-6	209.752032399102260E-6
361.000000000000060E+0	-193.872332625189020E-6	-116.068926286770660E-6
362.000000000000060E+0	246.939850178166910E-6	-474.254999095490060E-6
363.000000000000060E+0	497.144986259216480E-6	-46.735660807400429E-6
364.000000000000060E+0	-24.576504811295508E-6	443.361051129474110E-6
365.000000000000060E+0	-725.154115299800080E-6	448.131373538675300E-9
366.000000000000060E+0	-123.617178246903690E-6	-566.348539227902290E-6
367.000000000000060E+0	471.127714145995170E-6	1.792993225164986E-6
368.000000000000060E+0	322.904118904433170E-6	627.411547401797960E-6
369.000000000000060E+0	-179.840974783406950E-6	693.544850836768050E-6
370.000000000000060E+0	-288.176254958074850E-6	221.020577926288630E-6
371.000000000000060E+0	-67.397076302747166E-6	-147.805225838042290E-6
372.000000000000060E+0	162.480808549418530E-6	-227.226820925184620E-6
373.000000000000060E+0	204.525038196717300E-6	271.244090528663090E-6
374.000000000000060E+0	-396.007886782335200E-6	181.726956017691500E-6
375.000000000000060E+0	18.875897880767683E-6	-35.379461162614092E-6
376.000000000000060E+0	-28.198630305588251E-6	286.663582417218880E-6
377.000000000000060E+0	-318.770612255093860E-6	400.236476042982480E-6
378.000000000000060E+0	-580.706108701187980E-6	-59.297658620695151E-6
379.000000000000060E+0	-222.336595235657810E-6	-555.794456620553410E-6
380.000000000000060E+0	584.931751210981240E-6	-98.302190945816811E-6
381.000000000000060E+0	-273.653568002870170E-6	481.704758485025280E-6
382.000000000000060E+0	-115.344746650820540E-6	-30.761467168775153E-6
383.000000000000060E+0	108.125316843226160E-6	375.660398635736500E-6
384.000000000000060E+0	-69.094178827100114E-6	713.103443672399580E-6
385.000000000000060E+0	-932.107393793676000E-6	167.005862135277900E-6
386.000000000000060E+0	-218.729320955967290E-6	-947.231603769219610E-6
387.000000000000060E+0	519.270673216445650E-6	-692.987754052180990E-6
388.000000000000060E+0	938.385684317264230E-6	191.170595458807480E-6
389.000000000000060E+0	-18.488201109880065E-6	886.503705166457310E-6
390.000000000000060E+0	-650.058453849030750E-6	306.689478198622160E-6
391.000000000000060E+0	-247.132229484514680E-6	-356.927329452033300E-6
392.000000000000060E+0	-135.285500908473870E-6	-213.648202310308090E-6
393.000000000000060E+0	376.677867403868960E-6	-158.286567596236800E-6
394.000000000000060E+0	-297.789386678597040E-6	230.469321441268720E-6
395.000000000000060E+0	73.543586169747896E-6	-201.430311913649040E-6
396.000000000000060E+0	-16.477740730918861E-6	192.861157242865850E-6
397.000000000000060E+0	-57.704472972870018E-6	161.218382418724400E-6
398.000000000000060E+0	-308.844144790305030E-6	118.174875741247690E-6
399.000000000000060E+0	184.958124215241950E-6	-194.236756282441490E-6
400.000000000000060E+0	-123.407090676889790E-6	418.603593394021070E-6
401.000000000000060E+0	-257.388136239008410E-6	-1.594262362005696E-6
402.000000000000060E+0	-287.654077314805530E-6	-366.931699242883570E-6
403.000000000000060E+0	213.546514855715200E-6	76.340932868518602E-6
404.000000000000060E+0	-235.771018052399900E-6	93.905853743039375E-6
405.000000000000060E+0	-326.358723304882520E-6	63.748905363119232E-6
406.000000000000060E+0	-21.272891174199271E-6	78.597730382498046E-6
407.000000000000060E+0	-329.241207130582300E-6	97.902710468231188E-6
408.000000000000060E+0	121.229120358875370E-6	188.210116868981630E-6
409.000000000000060E+0	-338.232841514457990E-6	137.774647817543300E-6
410.000000000000060E+0	115.581570072029100E-6	21.975155295346798E-6
411.000000000000060E+0	-74.475216551330234E-6	328.078641962627740E-6
412.000000000000060E+0	-113.360256321223310E-6	-554.232576654139680E-6
413.000000000000060E+0	381.138537623805440E-6	222.431018863919470E-6
414.000000000000060E+0	1.095951118778101E-3	-1.436868037719511E-3
415.000000000000060E+0	1.358214298064113E-3	2.550857177767532E-3
416.000000000000060E+0	-1.823206613439021E-3	-152.225391171208570E-6
417.000000000000060E+0	-207.832274410925810E-6	-665.685630229942300E-6
418.000000000000060E+0	143.643130995998870E-6	-500.518362823796540E-6
419.000000000000060E+0	608.425676013581380E-6	-378.788775651066940E-6
420.000000000000060E+0	507.216993768217680E-6	211.060339282130220E-6
421.000000000000060E+0	580.454041235489950E-6	556.365630153622170E-6
422.000000000000060E+0	-79.698126504255200E-6	586.964157196971080E-6
423.000000000000060E+0	-556.503424853223860E-6	-385.775337842038730E-6
424.000000000000060E+0	1.203474552069014E-3	-254.992098812984650E-6
425.000000000000060E+0	-301.694782382087530E-6	1.003255376000483E-3
426.000000000000060E+0	-263.334983373141650E-6	-646.780282934948380E-6
427.000000000000060E+0	311.807565245592620E-6	239.973461736316430E-6
428.000000000000060E+0	-23.231308379267873E-6	-139.871373505774070E-6
429.000000000000060E+0	-141.072217178829780E-6	42.413584073400527E-6
430.000000000000060E+0	179.643440398023420E-6	333.979953562124050E-6
431.000000000000060E+0	-769.318291167265930E-6	-553.113674474013680E-6
432.000000000000060E+0	688.706382663833320E-6	-593.760865697191270E-6
433.000000000000060E+0	825.804139583687460E-6	763.835203044471350E-6
434.000000000000060E+0	-836.367344004904500E-6	529.416636716750720E-6
435.000000000000060E+0	-203.149657177427620E-6	-362.975020840218090E-6
436.000000000000060E+0	89.873241808050239E-6	-69.952774442885645E-6
437.000000000000060E+0	-237.064468575142280E-6	810.512790395452640E-6
438.000000000000060E+0	-928.119412406109840E-6	-918.034954884195340E-6
439.000000000000060E+0	1.598640601618071E-3	55.776756616409597E-6
440.000000000000060E+0	-1.368233347850446E-3	1.144264310496340E-3
441.000000000000060E+0	274.756893404127120E-6	-356.954180254796100E-6
442.000000000000060E+0	-191.827987752454230E-6	19.005830279605931E-6
443.000000000000060E+0	-345.348780306779840E-6	820.736802848243150E-6
444.000000000000060E+0	-950.902596510160060E-6	-731.290026498712080E-6
445.000000000000060E+0	155.280135868346700E-6	-436.803029166517280E-6
446.000000000000060E+0	-661.105716247390000E-6	-484.398685917996530E-6
447.000000000000060E+0	901.422914483302810E-6	-1.440638218641299E-3
448.000000000000060E+0	1.880944768359064E-3	759.475243120405120E-6
449.000000000000060E+0	-1.994875739636910E-3	1.521915822336969E-3
450.000000000000060E+0	215.677796352932410E-6	-709.385063328741870E-6
451.000000000000060E+0	-628.151643892225320E-6	-544.624406342356850E-6
452.000000000000060E+0	217.793436257070540E-6	209.850719211432710E-6
453.000000000000060E+0	352.564009732330810E-6	-37.595032659937799E-6
454.000000000000060E+0	-440.366175619175650E-6	-509.230299450530620E-6
455.000000000000060E+0	204.483598709611740E-6	715.512254620657640E-6
456.000000000000060E+0	144.758302806477930E-6	-764.821088734344150E-6
457.000000000000060E+0	-153.129747461049630E-6	243.979246968517320E-6
458.000000000000060E+0	-49.471979646984405E-6	8.689369831276974E-6
459.000000000000060E+0	1.281725580061485E-3	-629.019853534088870E-6
460.000000000000060E+0	-188.894568859009840E-6	2.567461783405566E-3
461.000000000000060E+0	-1.090757803588472E-3	-1.103326997381589E-3
462.000000000000060E+0	-149.701723453324180E-6	2.373368239920565E-3
463.000000000000060E+0	-1.725145423342095E-3	-2.533835013984368E-3
464.000000000000060E+0	3.571329387678754E-3	378.032064624740880E-6
465.000000000000060E+0	-3.571444900553763E-3	374.774215361146210E-6
466.000000000000060E+0	2.438117789380413E-3	-662.967828234437720E-6
467.000000000000060E+0	-770.842436650393460E-6	-1.286438337931381E-3
468.000000000000060E+0	427.467886654882770E-6	-110.199298865146400E-6
469.000000000000060E+0	1.109065279293646E-3	2.272501138013469E-3
470.000000000000060E+0	-1.825275925875985E-3	-2.518246614003537E-3
471.000000000000060E+0	2.340310433111638E-3	3.635084295699783E-3
472.000000000000060E+0	-2.745890024336734E-3	-228.651274427566730E-6
473.000000000000060E+0	1.191603950911681E-3	86.199378447775850E-6
474.000000000000060E+0	-665.078404546330290E-6	-769.927377661453440E-6
475.000000000000060E+0	381.529867483433040E-6	1.455573673579179E-3
476.000000000000060E+0	460.346132889383780E-6	537.209052050175990E-6
477.000000000000060E+0	-1.890585756346380E-3	-1.364157928334081E-3
478.000000000000060E+0	1.684103756811733E-3	-564.912183336009010E-6
479.000000000000060E+0	243.893141872169980E-6	2.993460983397120E-3
480.000000000000060E+0	-1.204939262304775E-3	-40.452408006521714E-6
481.000000000000060E+0	-1.272847144578952E-3	-1.047700963149927E-3
482.000000000000060E+0	-336.491622931511670E-6	-434.142187157920280E-6
483.000000000000060E+0	4.516550767508111E-3	-1.594051494709628E-3
484.000000000000060E+0	-1.871594068896146E-3	3.065891353084533E-3
485.000000000000060E+0	-3.677686005325354E-3	-1.584745719722572E-3
486.000000000000060E+0	2.545591753192887E-3	-1.623012965659707E-3
487.000000000000060E+0	4.232192968470419E-3	2.750083660377976E-3
488.000000000000060E+0	-9.985466995538922E-3	-5.802778913286433E-3
489.000000000000060E+0	4.721852703860406E-3	-1.828220982799698E-3
490.000000000000060E+0	377.069960747003500E-6	-2.596224500230089E-3
491.000000000000060E+0	4.621965672579566E-3	3.950286784818620E-3
492.000000000000060E+0	-4.442284175585657E-3	1.472250082431165E-3
493.000000000000060E+0	754.405385194818520E-6	-1.598015747224701E-3
494.000000000000060E+0	-905.553970891577120E-6	-3.094641036288915E-3
495.000000000000060E+0	2.115661005086983E-3	3.381520737968659E-3
496.000000000000060E+0	-3.968305592338384E-3	-3.641428525396535E-3
497.000000000000060E+0	-1.049686605391957E-3	-6.800318914114824E-3
498.000000000000060E+0	4.274784105786048E-3	7.397175501391740E-3
499.000000000000060E+0	-2.434233195088385E-3	-2.631638118932488E-3
500.000000000000060E+0	-12.901406567661424E-3	3.288251551319206E-3
