Freq (Hz)	micro/hp_Real	micro/hp_Imag
49.000000000000007E+0	-336.414650075402670E-3	932.853708457280770E-3
50.000000000000007E+0	-225.342693728067920E-3	36.323166913502090E-3
51.000000000000007E+0	-187.775516255394510E-3	75.539843394759706E-3
52.000000000000007E+0	85.303339030472283E-3	-62.682079598132406E-3
53.000000000000007E+0	27.411462650865165E-3	85.754602780573938E-3
54.000000000000007E+0	44.889966905964744E-3	-51.079073905109476E-3
55.000000000000007E+0	-34.590031087590303E-3	-97.790822066283256E-3
56.000000000000007E+0	-47.948791794858843E-3	94.051932249103493E-3
57.000000000000007E+0	5.146268919726555E-3	-1.455446649377635E-3
58.000000000000007E+0	25.118711473730307E-3	-27.961482468242954E-3
59.000000000000007E+0	-8.719406022152440E-3	-1.741858027705905E-3
60.000000000000007E+0	-45.868295582049426E-3	50.191114578673368E-3
61.000000000000007E+0	57.797429675997831E-3	-21.646252963195091E-3
62.000000000000007E+0	-7.193966142666907E-3	-15.839295756851134E-3
63.000000000000007E+0	-7.938787790797418E-3	10.422766727234072E-3
64.000000000000014E+0	-23.264109940227307E-3	-6.112184602502195E-3
65.000000000000014E+0	34.406390886318951E-3	19.036320305417739E-3
66.000000000000014E+0	-17.489131455368612E-3	-7.564824825954747E-3
67.000000000000014E+0	7.622938451572878E-3	-8.512536899644398E-3
68.000000000000014E+0	-5.273605521205951E-3	-2.260258770064900E-3
69.000000000000014E+0	-8.575671786501954E-3	9.448087638242961E-3
70.000000000000014E+0	6.916437885075034E-3	-3.971768229449736E-3
71.000000000000014E+0	-1.075263963880216E-3	4.456749939318761E-3
72.000000000000014E+0	551.687574403805590E-6	2.483434281768435E-3
73.000000000000014E+0	13.028205243537977E-3	-8.940357599609866E-3
74.000000000000014E+0	-11.337625450572384E-3	-2.396194406005217E-3
75.000000000000014E+0	114.123502598512290E-6	-3.876849075521615E-3
76.000000000000014E+0	-10.460715421955192E-3	10.629373085440930E-3
77.000000000000014E+0	10.135645153852591E-3	2.997437263126776E-3
78.000000000000014E+0	566.144993202693460E-6	-3.587591136004346E-3
79.000000000000014E+0	-5.300795624208625E-3	3.411378015223965E-3
80.000000000000014E+0	-519.055459667960090E-6	6.362458496078449E-3
81.000000000000014E+0	8.644089265958228E-3	4.136538628278170E-3
82.000000000000014E+0	4.114498924537325E-3	-3.373406448244383E-3
83.000000000000014E+0	-1.459055646808137E-3	160.724609619727560E-6
84.000000000000014E+0	4.738218212937760E-3	-4.615221781966478E-3
85.000000000000014E+0	-2.013208247039101E-3	-1.928447388996545E-3
86.000000000000014E+0	-7.159682731993446E-3	-2.109517904697952E-3
87.000000000000014E+0	-860.038612759170590E-6	7.429239696613332E-3
88.000000000000014E+0	3.231067128413094E-3	-1.476114921151903E-3
89.000000000000014E+0	-3.306372953715530E-3	3.010112490723089E-3
90.000000000000014E+0	638.089944798665730E-6	4.453480282996052E-3
91.000000000000014E+0	6.708939119153696E-3	935.454165840710690E-6
92.000000000000014E+0	409.774354650656460E-6	-5.024878611658156E-3
93.000000000000014E+0	-5.058112758832535E-3	569.378266438031740E-6
94.000000000000014E+0	-1.783591169122817E-3	1.056014931499251E-3
95.000000000000014E+0	-345.045372832354660E-6	5.433805476649855E-3
96.000000000000014E+0	4.581522540972128E-3	-2.222340012594140E-3
97.000000000000014E+0	-7.372769976983514E-3	-3.651668148164253E-3
98.000000000000014E+0	-1.027279598557749E-3	6.088536683034677E-3
99.000000000000014E+0	-9.600201248920052E-3	8.147248837025113E-3
100.000000000000010E+0	23.788215359894185E-3	11.007191256089762E-3
101.000000000000010E+0	-2.390697577342190E-3	-10.953035346316541E-3
102.000000000000010E+0	1.785849969378193E-3	3.349219675350608E-3
103.000000000000010E+0	6.010150255524861E-3	2.139984350823156E-3
104.000000000000010E+0	2.953603347027735E-3	-4.107757512308786E-3
105.000000000000010E+0	-1.425767528258287E-3	-3.165585255618889E-3
106.000000000000010E+0	-1.284320650040172E-3	2.888059462583736E-3
107.000000000000010E+0	1.883418522429597E-3	-4.049469052420206E-3
108.000000000000010E+0	-6.179624318093300E-3	2.171680539543741E-3
109.000000000000010E+0	1.760014859777333E-3	3.467957496993774E-3
110.000000000000010E+0	444.948526550494910E-6	1.685303604915549E-3
111.000000000000010E+0	4.784774302472129E-3	1.902785548625567E-3
112.000000000000010E+0	3.711249597039538E-3	-4.076353068815920E-3
113.000000000000010E+0	-1.253458151177753E-3	-4.468328576940561E-3
114.000000000000010E+0	-2.048725665150805E-3	1.140350312887056E-3
115.000000000000010E+0	5.908637982362743E-3	-6.744364591242095E-3
116.000000000000010E+0	-15.016766744689177E-3	-5.689748530054125E-3
117.000000000000010E+0	-612.737543017093230E-6	8.051910609594254E-3
118.000000000000010E+0	-211.594206304615920E-6	-1.440696279640299E-3
119.000000000000010E+0	-2.728178436635478E-3	879.048802103420580E-6
120.000000000000010E+0	533.604449255926540E-6	2.183236286885925E-3
121.000000000000010E+0	1.999037123348108E-3	-653.649590511251840E-6
122.000000000000010E+0	-2.286676675639129E-3	-2.583697787807676E-3
123.000000000000010E+0	-1.251891144173067E-3	2.312629117849923E-3
124.000000000000010E+0	-104.869078493241450E-6	324.531793002376470E-6
125.000000000000010E+0	1.885863632825261E-3	506.930960530977730E-6
126.000000000000010E+0	-76.466834014946985E-6	-2.517162956653931E-3
127.000000000000010E+0	-1.471035572604808E-3	-405.562624700313550E-6
128.000000000000030E+0	234.405466132530550E-6	791.984826514064250E-6
129.000000000000030E+0	333.274434328417950E-6	-683.750669332806740E-6
130.000000000000030E+0	-400.573421802310190E-6	142.800263593369950E-6
131.000000000000030E+0	846.076257971614520E-6	962.791567843858580E-6
132.000000000000030E+0	966.624709664581140E-6	-1.341082997177660E-3
133.000000000000030E+0	-1.113529618893734E-3	-387.393390181630860E-6
134.000000000000030E+0	-296.587157361276420E-6	668.926409138235140E-6
135.000000000000030E+0	374.057458315936760E-6	225.340092691818560E-6
136.000000000000030E+0	-396.145718413954500E-6	-156.551751394339840E-6
137.000000000000030E+0	-367.419572016727940E-6	342.959758841784600E-6
138.000000000000030E+0	-858.497219199459210E-6	461.692564001709470E-6
139.000000000000030E+0	136.992735288852570E-6	1.447619549657087E-3
140.000000000000030E+0	946.818891906423380E-6	-147.061883853534150E-6
141.000000000000030E+0	-192.873931268979390E-6	-214.859800362993000E-6
142.000000000000030E+0	19.452183127333657E-6	298.261967330840990E-6
143.000000000000030E+0	268.331370621968680E-6	195.589941286765950E-6
144.000000000000030E+0	223.572630923028130E-6	165.159894711492570E-6
145.000000000000030E+0	209.638772725989670E-6	134.104861739763330E-6
146.000000000000030E+0	487.893633740172790E-6	156.325941798466220E-6
147.000000000000030E+0	436.400216655543530E-6	-543.715310028243700E-6
148.000000000000030E+0	-347.746620844466080E-6	-368.291616537813780E-6
149.000000000000030E+0	-396.191083192876800E-6	587.907061073219540E-6
150.000000000000030E+0	760.700171889928620E-6	841.014523155329990E-6
151.000000000000030E+0	660.413342366369620E-6	-225.801342437599250E-6
152.000000000000030E+0	-9.552853848100261E-6	-66.673494145412201E-6
153.000000000000030E+0	73.009583989420385E-6	198.074889217450850E-6
154.000000000000030E+0	341.282135545318390E-6	42.737951419126094E-6
155.000000000000030E+0	176.417570605920970E-6	-224.841260292606250E-6
156.000000000000030E+0	115.326679459690880E-6	-139.669985684431000E-6
157.000000000000030E+0	-6.149058178652174E-6	-83.073696153153931E-6
158.000000000000030E+0	19.179857156219020E-6	-169.602075184965220E-6
159.000000000000030E+0	-269.357860756873560E-6	188.058759898542350E-6
160.000000000000030E+0	364.170909455625750E-6	-114.806353072337300E-6
161.000000000000030E+0	-467.812516417788320E-6	-368.998924757537300E-6
162.000000000000030E+0	-98.990814100785753E-6	248.801779553780680E-6
163.000000000000030E+0	53.632516189372575E-6	-85.757368133488793E-6
164.000000000000030E+0	131.322712128402650E-6	6.134888040524608E-6
165.000000000000030E+0	-4.564373102372185E-6	-172.750533490996710E-6
166.000000000000030E+0	-52.315624679186975E-6	158.887470938498840E-6
167.000000000000030E+0	253.508661716116900E-6	101.498639943165080E-6
168.000000000000030E+0	142.153377359549540E-6	-148.365905498356380E-6
169.000000000000030E+0	-49.743646868848052E-6	33.972698022305890E-6
170.000000000000030E+0	-34.874178102968726E-6	284.763810395780920E-6
171.000000000000030E+0	385.547392888907040E-6	310.857079778194410E-6
172.000000000000030E+0	223.263565697490910E-6	-134.214535346686240E-6
173.000000000000030E+0	81.464106476782772E-6	-79.190813623262384E-6
174.000000000000030E+0	-73.427338301666845E-6	-175.491729598465660E-6
175.000000000000030E+0	-97.143629781810172E-6	15.874099647731944E-6
176.000000000000030E+0	157.014268772060270E-6	13.071673990025887E-6
177.000000000000030E+0	96.662525360680351E-6	-206.607731683859180E-6
178.000000000000030E+0	84.595835078125952E-6	26.635449385637008E-6
179.000000000000030E+0	299.624718564588270E-6	-223.459669423713200E-6
180.000000000000030E+0	-60.571910914953696E-6	-284.471287350489820E-6
181.000000000000030E+0	-238.977704495245210E-6	-47.293736165202612E-6
182.000000000000030E+0	-181.970092326186350E-6	242.735308498545990E-6
183.000000000000030E+0	57.728612475907780E-6	174.607725542820640E-6
184.000000000000030E+0	67.771135562914761E-6	107.815503351853470E-6
185.000000000000030E+0	117.032492159851110E-6	48.260148153028320E-6
186.000000000000030E+0	97.777556749435504E-6	14.264870546104277E-6
187.000000000000030E+0	72.784971352668032E-6	-45.944184287617372E-6
188.000000000000030E+0	53.777766491153781E-6	-19.675779329593908E-6
189.000000000000030E+0	-20.114217455998186E-6	-70.720255340795505E-6
190.000000000000030E+0	-141.387696165386010E-6	4.852502337006083E-6
191.000000000000030E+0	-165.990861443896880E-6	104.200584041093390E-6
192.000000000000030E+0	-69.178687674200482E-6	102.934511157612360E-6
193.000000000000030E+0	-66.066288930691954E-6	147.986431635607970E-6
194.000000000000030E+0	164.426715684746750E-6	154.949662257438380E-6
195.000000000000030E+0	131.885034028472000E-6	-4.302914227227303E-6
196.000000000000030E+0	20.334925578196785E-6	-36.921109119497463E-6
197.000000000000030E+0	-55.980024559367807E-6	1.593306005652132E-6
198.000000000000030E+0	73.163735874985842E-6	49.378005114762333E-6
199.000000000000030E+0	163.527663389032920E-6	84.152595910582452E-6
200.000000000000030E+0	258.306162462067000E-6	-14.473184545144574E-6
201.000000000000030E+0	-38.711311491220779E-6	-37.397676220980024E-6
202.000000000000030E+0	42.495902755685837E-6	248.105710263752960E-6
203.000000000000030E+0	250.913598004031130E-6	79.033932580244637E-6
204.000000000000030E+0	131.401810573211830E-6	-69.885192870628118E-6
205.000000000000030E+0	-206.469140721232010E-6	-112.204451219944990E-6
206.000000000000030E+0	-517.947205204946940E-6	190.551430578412620E-6
207.000000000000030E+0	-159.132443467066790E-6	296.340869591176920E-6
208.000000000000030E+0	16.487632436353131E-6	-51.578523337567868E-6
209.000000000000030E+0	-52.000450009150918E-6	-33.491614351690703E-6
210.000000000000030E+0	-44.099642158405341E-6	52.365346558712186E-6
211.000000000000030E+0	-57.343687080821426E-6	111.512517518907690E-6
212.000000000000030E+0	-153.173652199622050E-6	55.195250847847007E-6
213.000000000000030E+0	-289.361810425955260E-6	161.638897819267310E-6
214.000000000000030E+0	-99.905968046200722E-6	239.892511338651370E-6
215.000000000000030E+0	393.751620209139270E-6	72.597338071133991E-6
216.000000000000030E+0	555.975360411888600E-6	-355.222275071643070E-6
217.000000000000030E+0	169.302488773331430E-6	-188.837948743337980E-6
218.000000000000030E+0	15.058123217716897E-6	92.430160621147684E-6
219.000000000000030E+0	65.084019207306958E-6	186.414624693667160E-6
220.000000000000030E+0	169.806252091648870E-6	15.824287427562087E-6
221.000000000000030E+0	11.643862109411767E-6	-93.263570772010267E-6
222.000000000000030E+0	-47.998819670037360E-6	-144.111154023176850E-6
223.000000000000030E+0	-178.327193759666580E-6	-189.533449904639670E-6
224.000000000000030E+0	-228.780651617926000E-6	-78.064074533601693E-6
225.000000000000030E+0	-164.849923455386280E-6	-157.307877456471580E-6
226.000000000000030E+0	-283.964123513772390E-6	-191.598040606159970E-6
227.000000000000030E+0	-125.391915866863720E-6	92.353140777997971E-6
228.000000000000030E+0	174.399242265280590E-6	51.085689749318997E-6
229.000000000000030E+0	212.580140800648950E-6	-40.783361798546159E-6
230.000000000000030E+0	172.949543748811590E-6	-28.458345035441398E-6
231.000000000000030E+0	-18.656263464868316E-6	63.363999930581271E-6
232.000000000000030E+0	-105.448831564597930E-6	134.211601163980760E-6
233.000000000000030E+0	-202.731355430142720E-6	74.006677122270698E-6
234.000000000000030E+0	-314.086288333828050E-6	82.831092035276231E-6
235.000000000000030E+0	-318.603193953493660E-6	-4.304777135144884E-6
236.000000000000030E+0	-362.786666501670190E-6	-32.861981565137814E-6
237.000000000000030E+0	-92.587140886180028E-6	125.586464344908240E-6
238.000000000000030E+0	330.358761882959170E-6	-16.959384223540491E-6
239.000000000000030E+0	264.900167183599740E-6	-205.422204117654310E-6
240.000000000000030E+0	5.601471637548282E-6	-113.355125166035750E-6
241.000000000000030E+0	-35.187247249808552E-6	-12.544430854158803E-6
242.000000000000030E+0	157.206849230336320E-6	22.319533923368145E-6
243.000000000000030E+0	189.558955842680770E-6	280.767005828691540E-9
244.000000000000030E+0	-58.217887301019641E-6	138.122757024811860E-6
245.000000000000030E+0	70.473635794421384E-6	149.674269946050920E-6
246.000000000000030E+0	92.283097235344895E-6	7.966807999878288E-6
247.000000000000030E+0	-164.176707890448470E-6	223.562004150538490E-6
248.000000000000030E+0	-54.715522682012710E-6	266.510740594469890E-6
249.000000000000030E+0	115.990040210709430E-6	115.159897023693120E-6
250.000000000000030E+0	66.507071999360919E-6	41.976802686068335E-6
251.000000000000030E+0	-117.122079295509890E-6	-86.912609101583472E-6
252.000000000000030E+0	-102.896266914610980E-6	-24.964838729646584E-6
253.000000000000030E+0	50.868276425367732E-6	45.151825405519590E-6
254.000000000000030E+0	115.381782161672220E-6	135.469972342780420E-6
255.000000000000030E+0	398.256868528276630E-6	388.924721630847600E-6
256.000000000000060E+0	505.906564598172450E-6	244.589217335797930E-6
257.000000000000060E+0	154.010798780739200E-6	-52.881367677132383E-6
258.000000000000060E+0	-73.072988810533014E-6	166.109650125905050E-6
259.000000000000060E+0	-14.257472209891441E-6	414.634665049513120E-6
260.000000000000060E+0	-195.208775837989660E-6	285.503361648038930E-6
261.000000000000060E+0	-432.147225709002940E-6	198.237089406385840E-6
262.000000000000060E+0	-154.250198383850210E-6	256.142986023369730E-6
263.000000000000060E+0	175.847861976605430E-6	28.213047746957859E-6
264.000000000000060E+0	-15.793068378467455E-6	-134.249035325534460E-6
265.000000000000060E+0	-273.327328902030960E-6	209.618751294169790E-6
266.000000000000060E+0	-225.129643707054260E-6	516.840776174058690E-6
267.000000000000060E+0	-145.536705069684340E-6	555.206999674364700E-6
268.000000000000060E+0	-13.159356182509626E-6	349.343241245803880E-6
269.000000000000060E+0	20.652956926744592E-6	55.808428729523208E-6
270.000000000000060E+0	-192.510251915506070E-6	-214.706947584292420E-6
271.000000000000060E+0	-267.976820117869510E-6	-284.496354321899100E-6
272.000000000000060E+0	-400.603370515122410E-6	-130.393086537474560E-6
273.000000000000060E+0	-368.207931527128990E-6	-159.029864555907780E-6
274.000000000000060E+0	-144.648683973838470E-6	175.419949361110000E-6
275.000000000000060E+0	-160.071021930797480E-6	566.589581869095700E-6
276.000000000000060E+0	34.996374512369469E-6	234.043157130086530E-6
277.000000000000060E+0	7.104321850891354E-6	-70.671789760123565E-6
278.000000000000060E+0	-445.719435976290840E-6	-117.961975928732060E-6
279.000000000000060E+0	-155.995655534536590E-6	-112.618450231804810E-6
280.000000000000060E+0	376.872747939923750E-6	196.022958956670730E-6
281.000000000000060E+0	-25.644020617693286E-6	402.519946359559780E-6
282.000000000000060E+0	-525.577298640298530E-6	-40.648245428236478E-6
283.000000000000060E+0	-271.860777334734950E-6	-605.496457318658060E-6
284.000000000000060E+0	47.713268928773905E-6	-218.072309465655690E-6
285.000000000000060E+0	-91.283014387205064E-6	96.214622513650407E-6
286.000000000000060E+0	-282.727538974066370E-6	-244.108795940064930E-6
287.000000000000060E+0	-230.610589131927860E-6	-173.947601178427850E-6
288.000000000000060E+0	-297.200186708864960E-6	-262.929914623134570E-6
289.000000000000060E+0	-63.990535567684536E-6	-682.503700411083290E-6
290.000000000000060E+0	-30.531599596598930E-6	-485.815782376840300E-6
291.000000000000060E+0	-116.184959966304200E-6	-524.399686627512920E-6
292.000000000000060E+0	18.978455301566380E-6	-339.685487636169830E-6
293.000000000000060E+0	-534.541055296103230E-6	-57.966047469666673E-6
294.000000000000060E+0	-719.701072623041590E-6	-222.461084397287200E-6
295.000000000000060E+0	-19.645709344833969E-6	47.267583179110763E-6
296.000000000000060E+0	328.682111843564750E-6	451.845700261175200E-6
297.000000000000060E+0	279.461061843927820E-6	73.250719603049964E-6
298.000000000000060E+0	420.217564241147750E-6	-254.288641936416380E-6
299.000000000000060E+0	57.057801925982385E-6	824.980026826998090E-6
300.000000000000060E+0	-1.021809981713804E-3	1.782908566760303E-3
301.000000000000060E+0	-1.395283736405119E-3	401.731341014288210E-6
302.000000000000060E+0	-623.187484090405870E-6	-1.316574621400893E-3
303.000000000000060E+0	1.194691115588325E-3	-1.919081502215174E-3
304.000000000000060E+0	2.307636258915730E-3	-695.912030618814590E-6
305.000000000000060E+0	836.201134704580780E-6	812.912605875484060E-6
306.000000000000060E+0	-114.572053640782880E-6	1.188387870024080E-3
307.000000000000060E+0	-428.808154614325550E-6	1.618695236897701E-3
308.000000000000060E+0	-785.188563259612590E-6	289.608029927108220E-6
309.000000000000060E+0	-56.520127264820231E-6	-449.232485600004150E-6
310.000000000000060E+0	36.992282443252862E-6	615.037717627090810E-6
311.000000000000060E+0	-601.103187777493170E-6	543.361509143401830E-6
312.000000000000060E+0	-154.222224052845800E-6	-469.148880250160320E-6
313.000000000000060E+0	351.564365541074200E-6	-1.121758901878538E-3
314.000000000000060E+0	189.774342420784790E-6	-1.496112746726377E-3
315.000000000000060E+0	-820.505072324268120E-6	-568.996672062092500E-6
316.000000000000060E+0	-1.994975387756371E-3	30.829936057833729E-6
317.000000000000060E+0	-1.385251434222882E-3	-324.256817711729470E-6
318.000000000000060E+0	-258.617513531562540E-6	-60.504021622942669E-6
319.000000000000060E+0	-217.010982123085210E-6	111.384627486730010E-6
320.000000000000060E+0	-262.562711938676620E-6	-364.182170154963640E-6
321.000000000000060E+0	66.996302233304973E-6	-245.968395561764600E-6
322.000000000000060E+0	-157.701204168143950E-6	-200.159337148574920E-6
323.000000000000060E+0	299.685276530318560E-6	-491.216409139402200E-6
324.000000000000060E+0	673.236245968899670E-6	-508.421555410983050E-6
325.000000000000060E+0	989.248789574527150E-6	-547.012248575748130E-6
326.000000000000060E+0	1.102073241000170E-3	-664.074103786889630E-6
327.000000000000060E+0	955.308160647732840E-6	49.411486192368427E-6
328.000000000000060E+0	-283.021991631245540E-6	529.108873523163560E-6
329.000000000000060E+0	-260.419253813393490E-6	-318.776870649981850E-6
330.000000000000060E+0	887.440817865483430E-6	-440.636769410698670E-6
331.000000000000060E+0	457.825160304918890E-6	52.530397226701287E-6
332.000000000000060E+0	-281.054003711592540E-6	132.432909268583770E-6
333.000000000000060E+0	-741.640345264151480E-6	189.546453326017040E-6
334.000000000000060E+0	-10.844718090605199E-6	-74.424650320812654E-6
335.000000000000060E+0	110.396983094237300E-6	674.386809459883900E-6
336.000000000000060E+0	-283.146069073728360E-6	449.725238474679830E-6
337.000000000000060E+0	-56.127076678262271E-6	559.699019014505010E-6
338.000000000000060E+0	-145.040485736090630E-6	501.194266060888870E-6
339.000000000000060E+0	12.070850593109171E-6	401.868038190339070E-6
340.000000000000060E+0	-31.739104050742478E-6	458.223228551542070E-6
341.000000000000060E+0	-83.847890375561392E-6	249.108927862313190E-6
342.000000000000060E+0	273.002311320705430E-6	-204.016120147535400E-6
343.000000000000060E+0	415.732863608567890E-6	40.615489021441454E-6
344.000000000000060E+0	88.974880202860677E-6	19.106920414971808E-6
345.000000000000060E+0	217.870727118338550E-6	409.338481240568420E-6
346.000000000000060E+0	-218.307088210781010E-6	766.164102159289010E-6
347.000000000000060E+0	-636.879724304978980E-6	-98.867574754655518E-6
348.000000000000060E+0	237.963695252757300E-6	-535.632076078756550E-6
349.000000000000060E+0	170.730842562020110E-6	159.962217361411650E-6
350.000000000000060E+0	-311.952620330042320E-6	238.145452689163190E-6
351.000000000000060E+0	-387.152649623376560E-6	241.394052851718500E-6
352.000000000000060E+0	-569.966153847596860E-6	143.923538109013060E-6
353.000000000000060E+0	-312.425488921557720E-6	30.502048505666637E-6
354.000000000000060E+0	-384.858473704700700E-6	-158.578045184221720E-6
355.000000000000060E+0	203.113152668933560E-6	-457.008731859889650E-6
356.000000000000060E+0	713.928801117008840E-6	-22.164280898133970E-6
357.000000000000060E+0	446.235751384091730E-6	518.606994713125470E-6
358.000000000000060E+0	141.240422777662460E-6	342.431155808275490E-6
359.000000000000060E+0	14.241708009433534E-6	244.860705443909080E-6
360.000000000000060E+0	139.100488624231650E-6	-65.486548734879031E-6
361.000000000000060E+0	477.628196152943620E-6	82.124739694545932E-6
362.000000000000060E+0	505.612561019371700E-6	376.557742035524140E-6
363.000000000000060E+0	154.109879136609550E-6	406.841688867706490E-6
364.000000000000060E+0	123.842226436843600E-6	43.923463702732258E-6
365.000000000000060E+0	137.312965837471610E-6	387.533896576627250E-6
366.000000000000060E+0	-526.700311870265570E-6	73.079410577141495E-6
367.000000000000060E+0	-229.694559272699940E-6	-126.744992673470640E-6
368.000000000000060E+0	-544.519067976817570E-6	-300.410116784533410E-6
369.000000000000060E+0	-23.691205460562342E-6	-485.886783716591450E-6
370.000000000000060E+0	-143.548842424514250E-6	-84.655536867333869E-6
371.000000000000060E+0	-238.640367882936030E-6	-390.392265519486050E-6
372.000000000000060E+0	418.310949907807110E-6	-221.523773408883350E-6
373.000000000000060E+0	67.549076770550786E-6	143.922671947099300E-6
374.000000000000060E+0	387.051344382787660E-6	-160.549442667772160E-6
375.000000000000060E+0	216.190702828828020E-6	241.542496963710500E-6
376.000000000000060E+0	-487.975585407140000E-6	184.682499729651460E-6
377.000000000000060E+0	-558.350596892071030E-6	-869.427068293586480E-6
378.000000000000060E+0	462.418062889225220E-6	-222.326519403160390E-6
379.000000000000060E+0	-98.068948186440249E-6	857.922621472641360E-6
380.000000000000060E+0	-921.564657022004340E-6	473.131019688957020E-6
381.000000000000060E+0	-655.678400700343170E-6	13.789771999616285E-6
382.000000000000060E+0	-366.883573599079340E-6	-615.877833767241690E-6
383.000000000000060E+0	763.895939635451160E-6	-188.914140057323850E-6
384.000000000000060E+0	-130.914809587248330E-6	602.747913509409440E-6
385.000000000000060E+0	-385.719213153526540E-6	-426.550813573325500E-6
386.000000000000060E+0	594.990436272830680E-6	-25.789386137071228E-6
387.000000000000060E+0	61.111947943932638E-6	577.501598002068020E-6
388.000000000000060E+0	133.200707828874600E-6	383.360054792058600E-6
389.000000000000060E+0	422.923607322964020E-6	-38.426272932238497E-6
390.000000000000060E+0	817.955099965126010E-6	1.388919401056346E-3
391.000000000000060E+0	-887.010974891290880E-6	414.479028796359650E-6
392.000000000000060E+0	148.764936811642460E-6	204.684847684599250E-6
393.000000000000060E+0	-384.031101306203670E-6	-29.966222060776855E-6
394.000000000000060E+0	23.667605920767434E-6	346.587818101291280E-6
395.000000000000060E+0	-920.255992100588020E-6	-433.704271425786450E-6
396.000000000000060E+0	60.547306917048303E-6	-460.450777739791020E-6
397.000000000000060E+0	99.650533712326324E-6	-671.550856600874030E-6
398.000000000000060E+0	741.375335783669600E-6	312.890743735860250E-6
399.000000000000060E+0	-241.281542535416500E-6	-122.716382396912840E-6
400.000000000000060E+0	775.438033770213550E-6	71.716390235813460E-6
401.000000000000060E+0	-291.309706326864200E-6	169.860493630674370E-6
402.000000000000060E+0	452.711602422155030E-6	-406.171130392928640E-6
403.000000000000060E+0	302.438234755624050E-6	780.703853584861640E-6
404.000000000000060E+0	-781.615897916000390E-6	-28.100601580483198E-6
405.000000000000060E+0	-236.753989298623140E-6	-162.501424424007720E-6
406.000000000000060E+0	-303.589194384409550E-6	-495.705083625613420E-6
407.000000000000060E+0	-54.039730592130056E-6	-553.436791763841050E-6
408.000000000000060E+0	123.332365130985970E-6	-332.202209321926140E-6
409.000000000000060E+0	705.525877758670470E-6	-819.011824032030460E-6
410.000000000000060E+0	281.489711194595130E-6	1.043543129692664E-3
411.000000000000060E+0	460.029191740535490E-6	-113.712763525165770E-6
412.000000000000060E+0	-781.049848335010550E-6	1.426913917539457E-3
413.000000000000060E+0	-500.615961715432920E-6	-46.057781257367274E-6
414.000000000000060E+0	-646.045549786165850E-6	-209.759429237295180E-6
415.000000000000060E+0	-28.418511894672980E-6	-151.827618330095350E-6
416.000000000000060E+0	798.574238117462300E-6	-402.456044887421510E-6
417.000000000000060E+0	-172.745493636232880E-6	1.139969777008099E-3
418.000000000000060E+0	-608.332655737006630E-6	-823.204188315073510E-6
419.000000000000060E+0	1.410409246053497E-3	36.839858166139683E-6
420.000000000000060E+0	-669.436221876038730E-6	1.153096943394039E-3
421.000000000000060E+0	-548.621347596545740E-6	-818.489360566581840E-6
422.000000000000060E+0	10.994517178037919E-6	-413.733799013396030E-6
423.000000000000060E+0	999.860809037132850E-6	-971.046328386694510E-6
424.000000000000060E+0	544.567474447974430E-6	998.540204464356710E-6
425.000000000000060E+0	-373.920916504383260E-6	-30.482946248553567E-6
426.000000000000060E+0	148.298749864800290E-6	-65.050126308854999E-6
427.000000000000060E+0	383.574143186604420E-6	-351.414477885672910E-6
428.000000000000060E+0	754.309665670422200E-6	879.507013070564890E-6
429.000000000000060E+0	-63.618605954882110E-6	500.358549886900780E-6
430.000000000000060E+0	-294.751875619303030E-6	988.532766109267040E-6
431.000000000000060E+0	-597.170240760090850E-6	-582.620103166888170E-6
432.000000000000060E+0	336.937531417256110E-6	705.098488064649820E-6
433.000000000000060E+0	-775.143764067441640E-6	-830.427139740408380E-6
434.000000000000060E+0	952.415122811023250E-6	231.775366212848600E-6
435.000000000000060E+0	-587.778328003786850E-6	238.749801535900190E-6
436.000000000000060E+0	-113.319003371812570E-6	387.134791132470860E-6
437.000000000000060E+0	-566.560240904287640E-6	-1.690890830586586E-3
438.000000000000060E+0	965.279223933842810E-6	493.191443914894670E-6
439.000000000000060E+0	1.054191102891425E-3	64.370225006275231E-6
440.000000000000060E+0	-1.023205642278834E-3	1.380538974491258E-3
441.000000000000060E+0	-451.033911411937120E-6	-1.054402128542843E-3
442.000000000000060E+0	1.038940138191252E-3	-102.121088017308960E-6
443.000000000000060E+0	968.027085544119520E-6	434.888031237189460E-6
444.000000000000060E+0	-960.668545964086570E-6	1.867931651573889E-3
445.000000000000060E+0	-123.144767870340280E-6	-434.993266426961280E-6
446.000000000000060E+0	-1.075306632202120E-3	768.228445646947650E-6
447.000000000000060E+0	-851.259554986629180E-6	-1.422534306582629E-3
448.000000000000060E+0	1.589608632302991E-3	378.325410924677090E-6
449.000000000000060E+0	-1.770276529325091E-3	-531.096326464953270E-6
450.000000000000060E+0	-34.294515944292458E-6	-49.888194597750756E-6
451.000000000000060E+0	974.414234297788040E-6	-984.992259468469140E-6
452.000000000000060E+0	-200.918781828516390E-6	45.823896912663610E-6
453.000000000000060E+0	1.055649527920555E-3	668.759802966551430E-6
454.000000000000060E+0	-634.759100514152380E-6	607.593064032284270E-6
455.000000000000060E+0	-1.068980329740469E-3	-1.130188058137468E-3
456.000000000000060E+0	1.324260218894489E-3	1.223325060634984E-3
457.000000000000060E+0	-1.144400755353730E-3	-598.216919056483960E-6
458.000000000000060E+0	1.875179132297143E-3	104.389310363824000E-6
459.000000000000060E+0	-1.329247338010273E-3	2.174025175751222E-3
460.000000000000060E+0	238.594673984154580E-6	-2.026089078784049E-3
461.000000000000060E+0	910.606729553365860E-6	1.524949763546878E-3
462.000000000000060E+0	-1.363818224037617E-3	275.729524659748100E-6
463.000000000000060E+0	21.750475417866130E-6	164.916959211769640E-6
464.000000000000060E+0	-191.531309806866410E-6	-603.601491394009740E-6
465.000000000000060E+0	-1.040443621684020E-3	907.723297101189610E-6
466.000000000000060E+0	1.946832210384206E-3	-2.352881261206867E-3
467.000000000000060E+0	-404.701144788004380E-6	2.824520496038715E-3
468.000000000000060E+0	-3.357159135964776E-3	-789.643850231429890E-6
469.000000000000060E+0	5.518584159251120E-3	-590.974325570922950E-6
470.000000000000060E+0	-1.920263284569422E-3	3.079712397316628E-3
471.000000000000060E+0	-63.247877621852713E-6	-236.309409100849740E-6
472.000000000000060E+0	-649.694017637042250E-6	-2.033419680411660E-3
473.000000000000060E+0	-1.030494403863556E-3	1.568222011612050E-3
474.000000000000060E+0	1.278140594097894E-3	-2.105256747105011E-3
475.000000000000060E+0	-693.351281073527990E-6	2.147534632544610E-3
476.000000000000060E+0	2.166682988161365E-3	-1.326230147324563E-3
477.000000000000060E+0	-260.740578747514730E-6	2.165363447171876E-3
478.000000000000060E+0	-2.567616984631526E-3	2.200035336694861E-3
479.000000000000060E+0	253.969233399490810E-6	-3.951471017996832E-3
480.000000000000060E+0	2.381884772603372E-3	1.037548264372126E-3
481.000000000000060E+0	-2.453546967713026E-3	1.461473381627311E-3
482.000000000000060E+0	3.053784746836554E-3	-337.925778569276150E-6
483.000000000000060E+0	-392.574650252386740E-6	1.881600375886697E-3
484.000000000000060E+0	-215.494568643022370E-6	-1.507269111570563E-3
485.000000000000060E+0	2.649234979375105E-3	-591.363857341152090E-6
486.000000000000060E+0	-931.493284098678320E-6	10.259049271487224E-3
487.000000000000060E+0	-2.054651882560148E-3	-5.155955698599485E-3
488.000000000000060E+0	-4.696069167465145E-3	850.371041954445720E-6
489.000000000000060E+0	-1.021958188957140E-3	-2.888625764792458E-3
490.000000000000060E+0	3.097663842674128E-3	2.323899738016724E-3
491.000000000000060E+0	5.470919686110359E-3	5.506929662794413E-3
492.000000000000060E+0	-15.909623638789928E-3	2.570840109620706E-3
493.000000000000060E+0	1.437613812350884E-3	-7.035289208927281E-3
494.000000000000060E+0	19.064678354724005E-3	43.412677305231254E-3
495.000000000000060E+0	-7.140031359078458E-3	885.960016723587880E-6
496.000000000000060E+0	660.512470143494920E-6	15.786396353306868E-3
497.000000000000060E+0	-10.380726808713752E-3	-13.992068113989181E-3
498.000000000000060E+0	-4.033777990776591E-3	14.440349389519281E-3
499.000000000000060E+0	15.247425778791138E-3	16.375677437957089E-3
500.000000000000060E+0	10.734388780997025E-3	51.333271278781796E-3
