Freq (Hz)	micro(Pa^2 )
49.000000000000007E+0	103.133609358355740E-12
50.000000000000007E+0	482.026156412164780E-12
51.000000000000007E+0	1.189987169266726E-12
52.000000000000007E+0	201.302262301559950E-12
53.000000000000007E+0	156.079097765796740E-12
54.000000000000007E+0	58.943200036899652E-12
55.000000000000007E+0	49.331024562398194E-12
56.000000000000007E+0	117.431292819546040E-12
57.000000000000007E+0	1.024515062367352E-9
58.000000000000007E+0	730.164400591853250E-12
59.000000000000007E+0	90.283123275481255E-12
60.000000000000007E+0	314.569778978203520E-12
61.000000000000007E+0	1.463444056592956E-9
62.000000000000007E+0	2.101683866926289E-9
63.000000000000007E+0	384.641739013671360E-12
64.000000000000014E+0	24.214919741442478E-12
65.000000000000014E+0	16.220994870341609E-12
66.000000000000014E+0	160.712382674518720E-12
67.000000000000014E+0	274.525522885836110E-12
68.000000000000014E+0	15.225551413726529E-12
69.000000000000014E+0	197.193203904400550E-12
70.000000000000014E+0	165.371071739227970E-12
71.000000000000014E+0	299.071493894332360E-12
72.000000000000014E+0	101.119593614397900E-12
73.000000000000014E+0	164.289286125945250E-12
74.000000000000014E+0	140.309035279751760E-12
75.000000000000014E+0	170.254367199921520E-12
76.000000000000014E+0	225.032159319533060E-12
77.000000000000014E+0	376.534036574996060E-12
78.000000000000014E+0	1.160131858475423E-9
79.000000000000014E+0	599.017542980894500E-12
80.000000000000014E+0	155.926875951138960E-12
81.000000000000014E+0	21.555460714538899E-12
82.000000000000014E+0	103.254314641258880E-12
83.000000000000014E+0	591.413280924199130E-12
84.000000000000014E+0	207.405224394934790E-12
85.000000000000014E+0	438.020354767351250E-12
86.000000000000014E+0	906.803151068964760E-12
87.000000000000014E+0	590.209255198439760E-12
88.000000000000014E+0	349.969271716302980E-12
89.000000000000014E+0	367.856105904231840E-12
90.000000000000014E+0	130.999507189045920E-12
91.000000000000014E+0	39.076201806821597E-12
92.000000000000014E+0	75.607988810197806E-12
93.000000000000014E+0	67.010995522213463E-12
94.000000000000014E+0	277.025691919662870E-12
95.000000000000014E+0	185.363711473287410E-12
96.000000000000014E+0	1.537278548625709E-12
97.000000000000014E+0	202.493183942820150E-12
98.000000000000014E+0	143.760021552384530E-12
99.000000000000014E+0	13.884167920241724E-9
100.000000000000010E+0	57.291541406812471E-9
101.000000000000010E+0	14.660010147867599E-9
102.000000000000010E+0	855.750825284654270E-12
103.000000000000010E+0	1.189083514324002E-9
104.000000000000010E+0	874.486621538947590E-12
105.000000000000010E+0	325.770093118776340E-12
106.000000000000010E+0	141.183375888878060E-12
107.000000000000010E+0	1.107557986274546E-9
108.000000000000010E+0	2.308894752104899E-9
109.000000000000010E+0	1.408655578275467E-9
110.000000000000010E+0	257.073333872575980E-12
111.000000000000010E+0	41.294092873015385E-12
112.000000000000010E+0	14.740743429841185E-12
113.000000000000010E+0	7.775990537243618E-9
114.000000000000010E+0	17.670716857572782E-9
115.000000000000010E+0	5.334991248266523E-9
116.000000000000010E+0	2.047126041699662E-9
117.000000000000010E+0	698.859790772778700E-12
118.000000000000010E+0	732.452896202913300E-12
119.000000000000010E+0	488.254857604651500E-12
120.000000000000010E+0	1.007616558937654E-9
121.000000000000010E+0	862.386082136837550E-12
122.000000000000010E+0	908.954679158058880E-12
123.000000000000010E+0	492.285075473147670E-12
124.000000000000010E+0	651.165488577203180E-15
125.000000000000010E+0	112.242207164324800E-12
126.000000000000010E+0	308.899264826711060E-12
127.000000000000010E+0	316.532825614991220E-12
128.000000000000030E+0	73.026458222039190E-12
129.000000000000030E+0	53.404782351111537E-12
130.000000000000030E+0	136.421830687979290E-12
131.000000000000030E+0	260.272931279776820E-12
132.000000000000030E+0	343.353133878613590E-12
133.000000000000030E+0	416.177427537608980E-12
134.000000000000030E+0	180.502025331283010E-12
135.000000000000030E+0	449.723665697900260E-12
136.000000000000030E+0	437.772818200644120E-12
137.000000000000030E+0	994.487621971636990E-12
138.000000000000030E+0	1.452883625275227E-9
139.000000000000030E+0	90.939418957019817E-12
140.000000000000030E+0	102.212752286793960E-12
141.000000000000030E+0	254.191726530243710E-12
142.000000000000030E+0	228.454567800581150E-12
143.000000000000030E+0	156.130269629707240E-12
144.000000000000030E+0	294.759412853653360E-12
145.000000000000030E+0	608.564350762004010E-12
146.000000000000030E+0	494.013343737161810E-12
147.000000000000030E+0	269.234704527461060E-12
148.000000000000030E+0	95.825301288433719E-12
149.000000000000030E+0	894.510060992843900E-12
150.000000000000030E+0	8.057320982888540E-9
151.000000000000030E+0	3.530597454785553E-9
152.000000000000030E+0	609.233036342262200E-12
153.000000000000030E+0	683.035026375368110E-12
154.000000000000030E+0	126.327542787185350E-12
155.000000000000030E+0	364.797538446892060E-12
156.000000000000030E+0	264.407385384798630E-12
157.000000000000030E+0	400.925915575055420E-12
158.000000000000030E+0	98.514474540190727E-12
159.000000000000030E+0	25.498699612414893E-12
160.000000000000030E+0	8.306043053545262E-12
161.000000000000030E+0	485.151636965140700E-12
162.000000000000030E+0	2.457711389691693E-9
163.000000000000030E+0	891.033049716504230E-12
164.000000000000030E+0	30.394092903001514E-12
165.000000000000030E+0	147.073556775122590E-12
166.000000000000030E+0	193.189765666794030E-12
167.000000000000030E+0	375.996440001872480E-12
168.000000000000030E+0	390.726826868671240E-12
169.000000000000030E+0	128.034659032600900E-12
170.000000000000030E+0	451.518383384883120E-12
171.000000000000030E+0	199.878679645356000E-12
172.000000000000030E+0	188.979814397133040E-12
173.000000000000030E+0	196.411812442296040E-12
174.000000000000030E+0	288.834945091470230E-12
175.000000000000030E+0	313.600690331524270E-12
176.000000000000030E+0	82.435090500272137E-12
177.000000000000030E+0	70.350785842794941E-12
178.000000000000030E+0	74.042009815662717E-12
179.000000000000030E+0	59.085562614353358E-12
180.000000000000030E+0	172.159320957188430E-12
181.000000000000030E+0	56.994951898449657E-12
182.000000000000030E+0	141.814534515930790E-12
183.000000000000030E+0	367.154357159904010E-12
184.000000000000030E+0	75.961523177369374E-12
185.000000000000030E+0	588.176731012747970E-12
186.000000000000030E+0	2.076122424251846E-9
187.000000000000030E+0	860.191055248926300E-12
188.000000000000030E+0	131.207464155833910E-12
189.000000000000030E+0	5.316901253477515E-12
190.000000000000030E+0	63.398513934794325E-12
191.000000000000030E+0	51.842571746509484E-12
192.000000000000030E+0	166.493599813916590E-12
193.000000000000030E+0	58.568822819429985E-12
194.000000000000030E+0	456.602772200169570E-12
195.000000000000030E+0	342.868876402244100E-12
196.000000000000030E+0	208.070375405062750E-12
197.000000000000030E+0	754.611829907972560E-12
198.000000000000030E+0	478.623342953432390E-12
199.000000000000030E+0	437.663281031724850E-12
200.000000000000030E+0	3.538415577008713E-9
201.000000000000030E+0	1.217038249699212E-9
202.000000000000030E+0	100.409576175226020E-12
203.000000000000030E+0	103.913650662846240E-12
204.000000000000030E+0	97.375332684409869E-12
205.000000000000030E+0	139.208943862855740E-12
206.000000000000030E+0	1.101846059453983E-9
207.000000000000030E+0	127.105195110246880E-12
208.000000000000030E+0	559.049984805297480E-12
209.000000000000030E+0	1.142733548616133E-9
210.000000000000030E+0	743.682285610158100E-12
211.000000000000030E+0	212.317782825351610E-12
212.000000000000030E+0	61.933972514328321E-12
213.000000000000030E+0	4.647193086338345E-9
214.000000000000030E+0	8.386040681158934E-9
215.000000000000030E+0	695.820831516620930E-12
216.000000000000030E+0	83.002233972351276E-12
217.000000000000030E+0	3.691446908235775E-12
218.000000000000030E+0	52.053186137955116E-12
219.000000000000030E+0	81.320726954391855E-12
220.000000000000030E+0	126.981754448159010E-12
221.000000000000030E+0	74.003492150719509E-12
222.000000000000030E+0	121.770616735931500E-12
223.000000000000030E+0	16.292467204909758E-12
224.000000000000030E+0	91.818688808962545E-12
225.000000000000030E+0	107.676231709305220E-12
226.000000000000030E+0	41.992515140607275E-12
227.000000000000030E+0	552.240398096751060E-12
228.000000000000030E+0	960.123041603439870E-12
229.000000000000030E+0	84.036165980211279E-12
230.000000000000030E+0	126.765444842289970E-12
231.000000000000030E+0	786.969259586109560E-12
232.000000000000030E+0	650.905683393125550E-12
233.000000000000030E+0	278.219910301258210E-12
234.000000000000030E+0	111.599871226623190E-12
235.000000000000030E+0	335.070217316439990E-12
236.000000000000030E+0	214.185143514470360E-12
237.000000000000030E+0	920.754852994862980E-12
238.000000000000030E+0	2.152074817560216E-9
239.000000000000030E+0	436.695228253386010E-12
240.000000000000030E+0	185.967857049069030E-12
241.000000000000030E+0	336.401743143217460E-12
242.000000000000030E+0	96.040297023487324E-12
243.000000000000030E+0	41.597258522130184E-12
244.000000000000030E+0	43.934459353992440E-12
245.000000000000030E+0	224.024613423618100E-12
246.000000000000030E+0	240.220470086899410E-12
247.000000000000030E+0	112.796146162069500E-12
248.000000000000030E+0	122.373172721262780E-12
249.000000000000030E+0	715.515656968407170E-12
250.000000000000030E+0	2.358677420905144E-9
251.000000000000030E+0	539.247402268287200E-12
252.000000000000030E+0	369.411235755817510E-12
253.000000000000030E+0	347.635550078047260E-12
254.000000000000030E+0	33.945344981735701E-12
255.000000000000030E+0	31.214629809641842E-12
256.000000000000060E+0	7.924143078861106E-12
257.000000000000060E+0	44.396710689859355E-12
258.000000000000060E+0	60.710010960600175E-12
259.000000000000060E+0	181.131668392293200E-12
260.000000000000060E+0	151.913031213853400E-12
261.000000000000060E+0	42.238823488962635E-12
262.000000000000060E+0	102.135267686821730E-12
263.000000000000060E+0	324.922478629234170E-12
264.000000000000060E+0	105.192076517853940E-12
265.000000000000060E+0	403.815151483260320E-12
266.000000000000060E+0	820.468963154862490E-12
267.000000000000060E+0	503.598612517039680E-12
268.000000000000060E+0	95.124586067592160E-12
269.000000000000060E+0	347.875041328253300E-12
270.000000000000060E+0	466.212025649705610E-12
271.000000000000060E+0	672.292803087901340E-12
272.000000000000060E+0	533.262225049752290E-12
273.000000000000060E+0	34.831707075836120E-12
274.000000000000060E+0	27.948747760071422E-12
275.000000000000060E+0	138.826993672636480E-12
276.000000000000060E+0	346.347102194449420E-12
277.000000000000060E+0	21.555341132520628E-12
278.000000000000060E+0	368.644271415428940E-12
279.000000000000060E+0	814.461886846995580E-12
280.000000000000060E+0	698.852690940531040E-12
281.000000000000060E+0	145.902681918476150E-12
282.000000000000060E+0	7.470751579901456E-15
283.000000000000060E+0	72.409800744888045E-12
284.000000000000060E+0	162.911260175577910E-12
285.000000000000060E+0	192.085557983327700E-12
286.000000000000060E+0	93.811261775338096E-12
287.000000000000060E+0	202.588512515225250E-12
288.000000000000060E+0	364.950594406549790E-12
289.000000000000060E+0	561.753097151423340E-12
290.000000000000060E+0	455.377403939465170E-12
291.000000000000060E+0	108.175363852168110E-12
292.000000000000060E+0	153.463830976534800E-12
293.000000000000060E+0	366.467367189383010E-12
294.000000000000060E+0	288.900880495911260E-12
295.000000000000060E+0	190.279568257558270E-12
296.000000000000060E+0	63.066579660202966E-12
297.000000000000060E+0	358.202027212771610E-12
298.000000000000060E+0	245.957866335570980E-12
299.000000000000060E+0	1.348191692907981E-9
300.000000000000060E+0	4.205279538656406E-9
301.000000000000060E+0	709.216983873474270E-12
302.000000000000060E+0	139.687632840345150E-12
303.000000000000060E+0	96.533507141486261E-12
304.000000000000060E+0	183.969582492690500E-12
305.000000000000060E+0	64.343542239879453E-12
306.000000000000060E+0	21.876683747931996E-12
307.000000000000060E+0	408.831242392877550E-12
308.000000000000060E+0	889.895475257115240E-12
309.000000000000060E+0	995.996332571340210E-12
310.000000000000060E+0	668.087267202279280E-12
311.000000000000060E+0	485.447226147612760E-12
312.000000000000060E+0	549.395364585021390E-12
313.000000000000060E+0	1.694604960589346E-9
314.000000000000060E+0	1.048815826124735E-9
315.000000000000060E+0	210.126526403253440E-12
316.000000000000060E+0	213.382379223436860E-12
317.000000000000060E+0	536.276345969141130E-12
318.000000000000060E+0	598.850589714892860E-12
319.000000000000060E+0	318.341630543646340E-12
320.000000000000060E+0	536.360512404783810E-12
321.000000000000060E+0	413.708801532894080E-12
322.000000000000060E+0	43.197779237877292E-12
323.000000000000060E+0	297.523376247128540E-12
324.000000000000060E+0	90.946903129509351E-12
325.000000000000060E+0	396.011965257312440E-12
326.000000000000060E+0	1.136826805447292E-9
327.000000000000060E+0	866.993710173239440E-12
328.000000000000060E+0	162.180391446187920E-12
329.000000000000060E+0	191.962114405923990E-12
330.000000000000060E+0	207.152099227338840E-12
331.000000000000060E+0	11.398574060891540E-12
332.000000000000060E+0	223.015442684167170E-12
333.000000000000060E+0	412.894534030648650E-12
334.000000000000060E+0	446.841189203419540E-12
335.000000000000060E+0	248.815908200800280E-12
336.000000000000060E+0	403.002324869269190E-12
337.000000000000060E+0	115.771940617831710E-12
338.000000000000060E+0	289.512434581715090E-12
339.000000000000060E+0	16.406771221994757E-12
340.000000000000060E+0	129.431352005211380E-12
341.000000000000060E+0	24.523428446214559E-12
342.000000000000060E+0	66.152947890178895E-12
343.000000000000060E+0	37.340643643623651E-12
344.000000000000060E+0	148.106765223614200E-12
345.000000000000060E+0	77.970764109422118E-12
346.000000000000060E+0	159.579909697334170E-12
347.000000000000060E+0	42.258413218685712E-12
348.000000000000060E+0	187.102237500484950E-12
349.000000000000060E+0	329.586682479710920E-12
350.000000000000060E+0	1.260763713360239E-9
351.000000000000060E+0	604.686256339290580E-12
352.000000000000060E+0	245.237899036634830E-12
353.000000000000060E+0	230.027536132202000E-12
354.000000000000060E+0	36.187406851582507E-12
355.000000000000060E+0	76.151976397310222E-12
356.000000000000060E+0	358.566575815758720E-12
357.000000000000060E+0	122.497531596769890E-12
358.000000000000060E+0	118.679932337339620E-12
359.000000000000060E+0	102.531859386432490E-12
360.000000000000060E+0	777.061698432034400E-12
361.000000000000060E+0	1.066171939170018E-9
362.000000000000060E+0	727.413056339012710E-12
363.000000000000060E+0	1.736530099931997E-9
364.000000000000060E+0	1.300477258798581E-9
365.000000000000060E+0	185.061161426858770E-12
366.000000000000060E+0	40.331137321486351E-12
367.000000000000060E+0	213.160965695857290E-12
368.000000000000060E+0	442.540673858298960E-12
369.000000000000060E+0	204.880627634384480E-12
370.000000000000060E+0	591.464814105030890E-12
371.000000000000060E+0	549.082307343707450E-12
372.000000000000060E+0	12.567875151744593E-12
373.000000000000060E+0	127.297419346601120E-12
374.000000000000060E+0	293.362317443454600E-12
375.000000000000060E+0	813.540940447987800E-12
376.000000000000060E+0	653.934401046626760E-12
377.000000000000060E+0	520.743904543472530E-12
378.000000000000060E+0	590.709468639636170E-12
379.000000000000060E+0	493.445613736181030E-12
380.000000000000060E+0	271.109342377915090E-12
381.000000000000060E+0	553.926971776340910E-12
382.000000000000060E+0	328.349708415825830E-12
383.000000000000060E+0	73.115991949838037E-12
384.000000000000060E+0	77.028288160038909E-12
385.000000000000060E+0	201.919874247781650E-12
386.000000000000060E+0	105.334108446407660E-12
387.000000000000060E+0	214.911128599206370E-12
388.000000000000060E+0	124.588085076607860E-12
389.000000000000060E+0	107.796042969879060E-12
390.000000000000060E+0	246.245180849892500E-12
391.000000000000060E+0	73.628120364462481E-12
392.000000000000060E+0	6.075633717619419E-12
393.000000000000060E+0	54.224227677805486E-12
394.000000000000060E+0	169.278827309403220E-12
395.000000000000060E+0	217.376061325072620E-12
396.000000000000060E+0	143.073715954245080E-12
397.000000000000060E+0	266.118624329693190E-12
398.000000000000060E+0	10.669231831164280E-12
399.000000000000060E+0	559.797940718428070E-12
400.000000000000060E+0	1.029265038155067E-9
401.000000000000060E+0	271.815534642177080E-12
402.000000000000060E+0	32.901474573138927E-12
403.000000000000060E+0	411.248317348705880E-12
404.000000000000060E+0	1.525257663484600E-9
405.000000000000060E+0	838.180034074995500E-12
406.000000000000060E+0	102.208629915321470E-12
407.000000000000060E+0	244.803553512703500E-12
408.000000000000060E+0	295.951715531947220E-12
409.000000000000060E+0	379.172427491028140E-12
410.000000000000060E+0	307.349232340295800E-12
411.000000000000060E+0	936.075522275112330E-12
412.000000000000060E+0	579.038854450643470E-12
413.000000000000060E+0	884.498024945473890E-12
414.000000000000060E+0	1.693447846332173E-9
415.000000000000060E+0	1.354173570605892E-9
416.000000000000060E+0	330.300632041995120E-12
417.000000000000060E+0	640.484515270716670E-12
418.000000000000060E+0	284.591483412073110E-12
419.000000000000060E+0	93.093280002790654E-12
420.000000000000060E+0	117.576088923920410E-12
421.000000000000060E+0	67.147897521297316E-12
422.000000000000060E+0	127.118017065621490E-12
423.000000000000060E+0	156.475378786240830E-12
424.000000000000060E+0	603.468352203612950E-12
425.000000000000060E+0	61.592233376233725E-12
426.000000000000060E+0	186.973665017799810E-12
427.000000000000060E+0	107.256699092803860E-12
428.000000000000060E+0	695.699405513562340E-12
429.000000000000060E+0	624.617573796539380E-12
430.000000000000060E+0	71.176334990314611E-12
431.000000000000060E+0	102.704163549676880E-12
432.000000000000060E+0	131.123696390627610E-12
433.000000000000060E+0	27.448538095918638E-12
434.000000000000060E+0	55.204724940109133E-12
435.000000000000060E+0	34.994760186907671E-12
436.000000000000060E+0	30.428257407417245E-12
437.000000000000060E+0	83.209899715598732E-12
438.000000000000060E+0	129.275458750767500E-12
439.000000000000060E+0	573.197211512364840E-12
440.000000000000060E+0	913.890113711799400E-12
441.000000000000060E+0	186.181325685493160E-12
442.000000000000060E+0	155.732737449307740E-12
443.000000000000060E+0	221.639424488253670E-12
444.000000000000060E+0	400.714930513372530E-12
445.000000000000060E+0	186.134829603636110E-12
446.000000000000060E+0	37.916058704927211E-12
447.000000000000060E+0	196.154374520583370E-12
448.000000000000060E+0	845.284917765655190E-12
449.000000000000060E+0	14.915096958971795E-12
450.000000000000060E+0	616.580081770295450E-12
451.000000000000060E+0	305.614111606755070E-12
452.000000000000060E+0	178.271309428317450E-12
453.000000000000060E+0	102.908189263171650E-12
454.000000000000060E+0	190.699702372765190E-12
455.000000000000060E+0	475.507081648621900E-12
456.000000000000060E+0	515.738380131185720E-12
457.000000000000060E+0	401.397286594498140E-12
458.000000000000060E+0	74.733905063029917E-12
459.000000000000060E+0	155.813271136752950E-12
460.000000000000060E+0	24.725250120058574E-12
461.000000000000060E+0	313.142150197113600E-12
462.000000000000060E+0	288.851543554491070E-12
463.000000000000060E+0	60.133881092303832E-12
464.000000000000060E+0	69.486765953474507E-12
465.000000000000060E+0	260.682472434447880E-12
466.000000000000060E+0	144.392477817132830E-12
467.000000000000060E+0	12.390445883320359E-12
468.000000000000060E+0	84.556445193491826E-12
469.000000000000060E+0	148.529538336320040E-12
470.000000000000060E+0	836.069398185017780E-12
471.000000000000060E+0	125.926511786474540E-12
472.000000000000060E+0	137.548211052668410E-12
473.000000000000060E+0	61.784618159312280E-12
474.000000000000060E+0	25.697848139037856E-12
475.000000000000060E+0	5.739709413575620E-12
476.000000000000060E+0	97.016881626059072E-12
477.000000000000060E+0	7.054244807492017E-12
478.000000000000060E+0	10.837164514075673E-12
479.000000000000060E+0	356.515470271511340E-12
480.000000000000060E+0	1.014190789231305E-9
481.000000000000060E+0	553.564292745611370E-12
482.000000000000060E+0	132.920285706113390E-12
483.000000000000060E+0	293.605346640493310E-12
484.000000000000060E+0	191.229352833006220E-12
485.000000000000060E+0	71.810418428027106E-12
486.000000000000060E+0	17.094482734622852E-12
487.000000000000060E+0	79.419051556880461E-12
488.000000000000060E+0	34.309416381120528E-12
489.000000000000060E+0	249.023434629818250E-12
490.000000000000060E+0	304.219529282459370E-12
491.000000000000060E+0	300.998148856164490E-12
492.000000000000060E+0	402.575440567997700E-12
493.000000000000060E+0	488.948008521716660E-12
494.000000000000060E+0	353.079255753420630E-12
495.000000000000060E+0	1.064096990685722E-9
496.000000000000060E+0	764.909073553469470E-12
497.000000000000060E+0	63.715961389124218E-12
498.000000000000060E+0	170.362212556932050E-12
499.000000000000060E+0	283.811943406744730E-12
500.000000000000060E+0	577.790136882880110E-12
