Freq (Hz)	micro(Pa^2 )	hp(V^2 )
49.000000000000007E+0	111.517936684057460E-12	10.125289983442343E-9
50.000000000000007E+0	782.404765811049590E-12	50.512488767694454E-9
51.000000000000007E+0	202.896181702389490E-12	26.744362018141653E-9
52.000000000000007E+0	59.927341194928048E-12	1.883313647561087E-9
53.000000000000007E+0	43.524034825006120E-12	5.913396502095886E-9
54.000000000000007E+0	110.487497736529130E-15	6.784603195798160E-9
55.000000000000007E+0	5.368986364545112E-12	8.239831399135264E-9
56.000000000000007E+0	98.607776369613848E-12	9.344416175790959E-9
57.000000000000007E+0	266.839021871259310E-12	14.417466596655455E-9
58.000000000000007E+0	31.552245638344675E-12	19.176864735299316E-9
59.000000000000007E+0	151.162781969612810E-12	27.165355527051633E-9
60.000000000000007E+0	64.109840122835064E-12	33.083607428222348E-9
61.000000000000007E+0	6.749126773360849E-12	50.133462845909184E-9
62.000000000000007E+0	148.092166416175990E-12	54.299759434574273E-9
63.000000000000007E+0	202.935393692700840E-12	62.138619753417694E-9
64.000000000000014E+0	230.966693445051090E-12	109.006381455840190E-9
65.000000000000014E+0	85.812550270580831E-12	112.189104505874490E-9
66.000000000000014E+0	40.337714758317851E-12	125.346144823213120E-9
67.000000000000014E+0	202.724010097336930E-12	184.879429510148770E-9
68.000000000000014E+0	176.264643131864030E-12	216.510882617632540E-9
69.000000000000014E+0	19.348696543510023E-12	238.358872138372110E-9
70.000000000000014E+0	4.100470941662134E-12	292.661655670781380E-9
71.000000000000014E+0	35.655077160600235E-12	333.634786332906500E-9
72.000000000000014E+0	79.081186329792799E-12	366.579568302362660E-9
73.000000000000014E+0	177.874119615432830E-12	446.360870801012340E-9
74.000000000000014E+0	37.398926425019107E-12	526.088833609313330E-9
75.000000000000014E+0	18.517596531389523E-12	522.410890622981170E-9
76.000000000000014E+0	105.318459509753480E-12	575.425281109672710E-9
77.000000000000014E+0	38.809077974530796E-12	639.454361465409570E-9
78.000000000000014E+0	20.413257975759205E-12	718.904918545238460E-9
79.000000000000014E+0	4.560297947999475E-12	819.308705432002330E-9
80.000000000000014E+0	13.885219803778698E-12	909.657358100605970E-9
81.000000000000014E+0	76.715355739954722E-12	979.188834540211600E-9
82.000000000000014E+0	71.698684733001755E-12	1.160812842896306E-6
83.000000000000014E+0	99.547599363167713E-12	1.336898242404722E-6
84.000000000000014E+0	64.133338299929852E-12	1.536477786878960E-6
85.000000000000014E+0	38.564193742592856E-12	1.718041022650575E-6
86.000000000000014E+0	55.199712807335221E-12	1.825038410103235E-6
87.000000000000014E+0	325.119954258481870E-12	2.112492035487735E-6
88.000000000000014E+0	262.824438884446450E-12	2.352173282726505E-6
89.000000000000014E+0	21.602533510021216E-12	2.396170947254456E-6
90.000000000000014E+0	121.115741408506230E-12	2.373801677808257E-6
91.000000000000014E+0	38.755666361215934E-12	2.523495085111222E-6
92.000000000000014E+0	67.472253113162472E-12	2.628799066315261E-6
93.000000000000014E+0	69.166481593277325E-12	2.667587561859131E-6
94.000000000000014E+0	3.316773396261166E-12	2.883235627766300E-6
95.000000000000014E+0	80.259256097078976E-12	3.099027577965580E-6
96.000000000000014E+0	99.813386760246920E-12	3.466342032073690E-6
97.000000000000014E+0	67.564833319641396E-12	3.737602390810873E-6
98.000000000000014E+0	48.606498793406688E-12	4.144833304371634E-6
99.000000000000014E+0	896.376426568302240E-12	4.452570404884793E-6
100.000000000000010E+0	3.263816779914839E-9	4.383118227812086E-6
101.000000000000010E+0	1.016513102150189E-9	4.230101284484532E-6
102.000000000000010E+0	10.246818037570960E-12	4.174974023833611E-6
103.000000000000010E+0	166.567549537906480E-12	4.215849349428399E-6
104.000000000000010E+0	99.194706291581345E-12	4.502072266587716E-6
105.000000000000010E+0	36.197999343121300E-12	4.901593026796254E-6
106.000000000000010E+0	69.461929935416983E-12	5.515395910056179E-6
107.000000000000010E+0	80.425891575740997E-12	6.082192700210656E-6
108.000000000000010E+0	46.731919985601997E-12	6.484883897209766E-6
109.000000000000010E+0	137.721169745950140E-12	6.412445700858595E-6
110.000000000000010E+0	31.066427790953767E-12	6.223568715391275E-6
111.000000000000010E+0	125.787959526366100E-12	6.330880694038391E-6
112.000000000000010E+0	431.620432495520320E-12	6.882256587284719E-6
113.000000000000010E+0	2.173996307601375E-9	8.139135679293893E-6
114.000000000000010E+0	1.579584006804337E-9	9.482810108719615E-6
115.000000000000010E+0	141.823127600910510E-12	10.634509163349561E-6
116.000000000000010E+0	12.205606731865263E-12	11.521791744842582E-6
117.000000000000010E+0	22.008547512898313E-12	11.990658527684793E-6
118.000000000000010E+0	21.209792705426214E-12	12.450451324453365E-6
119.000000000000010E+0	6.169743525255402E-12	13.635631045282282E-6
120.000000000000010E+0	7.928676146267978E-12	16.379381218575625E-6
121.000000000000010E+0	11.196044557599254E-12	20.002796235106388E-6
122.000000000000010E+0	46.350571402121169E-12	23.386402890652599E-6
123.000000000000010E+0	32.895566014645333E-12	25.435135116441330E-6
124.000000000000010E+0	10.275334261438942E-12	27.049451830025801E-6
125.000000000000010E+0	18.900375953709045E-12	29.976333427633735E-6
126.000000000000010E+0	161.583978432468570E-12	34.622199092198993E-6
127.000000000000010E+0	50.518115122755859E-12	40.709273711258912E-6
128.000000000000030E+0	40.940240791197034E-12	47.915976975059220E-6
129.000000000000030E+0	108.382166570943410E-12	55.002588655818785E-6
130.000000000000030E+0	72.247241710740685E-12	60.217101808347644E-6
131.000000000000030E+0	57.241929212352045E-12	65.761039252063496E-6
132.000000000000030E+0	60.740030141268056E-12	74.374012333519219E-6
133.000000000000030E+0	36.817002409646500E-12	85.650469040239464E-6
134.000000000000030E+0	1.031423366117480E-12	97.641952720672179E-6
135.000000000000030E+0	21.778349027322226E-12	109.815137503036780E-6
136.000000000000030E+0	97.268228430006974E-12	121.692759313316450E-6
137.000000000000030E+0	93.240649436538299E-12	134.718004049648100E-6
138.000000000000030E+0	218.506227376019770E-12	150.518054629052490E-6
139.000000000000030E+0	235.831008618416940E-12	171.359559303102530E-6
140.000000000000030E+0	122.322153928041040E-12	192.169453766428870E-6
141.000000000000030E+0	153.727171667934740E-12	207.003244188886160E-6
142.000000000000030E+0	164.212242265696830E-12	221.221163558499550E-6
143.000000000000030E+0	62.590010034786725E-12	244.965102005455170E-6
144.000000000000030E+0	19.724999977499451E-12	277.947765797023950E-6
145.000000000000030E+0	53.075411188328106E-12	311.329842595181830E-6
146.000000000000030E+0	324.650829942462280E-12	339.631852276333240E-6
147.000000000000030E+0	325.850077421813750E-12	362.448714754081250E-6
148.000000000000030E+0	24.686553694231196E-12	386.105730327689140E-6
149.000000000000030E+0	408.836881142263650E-12	424.908754179338930E-6
150.000000000000030E+0	1.058653496202013E-9	470.401724304546310E-6
151.000000000000030E+0	142.258462825113970E-12	514.932544608118110E-6
152.000000000000030E+0	62.900960321641693E-12	550.293509448346990E-6
153.000000000000030E+0	21.298632690935011E-12	586.972441809631040E-6
154.000000000000030E+0	62.560560425007313E-12	635.591156774684730E-6
155.000000000000030E+0	180.461559217119860E-12	685.422686533480120E-6
156.000000000000030E+0	64.281513065393446E-12	733.896868577504350E-6
157.000000000000030E+0	67.304113320246934E-12	783.463990104106210E-6
158.000000000000030E+0	88.527914242490195E-12	840.417497551546610E-6
159.000000000000030E+0	109.648928412935430E-12	909.884936690092910E-6
160.000000000000030E+0	46.774605270415313E-12	973.670182638951750E-6
161.000000000000030E+0	15.466110730086591E-12	1.013512091077791E-3
162.000000000000030E+0	240.530256010052870E-12	1.055853991747893E-3
163.000000000000030E+0	404.602153537723460E-12	1.131795027686330E-3
164.000000000000030E+0	224.014551008784100E-12	1.222661984264102E-3
165.000000000000030E+0	21.856056415841899E-12	1.299590932713352E-3
166.000000000000030E+0	43.554776967718629E-12	1.355540534020379E-3
167.000000000000030E+0	49.980225364553093E-12	1.402493132554353E-3
168.000000000000030E+0	38.668700636553428E-12	1.470976082757859E-3
169.000000000000030E+0	147.593286085780410E-12	1.561092501665369E-3
170.000000000000030E+0	11.195993390419977E-12	1.639227268365524E-3
171.000000000000030E+0	203.902683571100400E-12	1.720238666260162E-3
172.000000000000030E+0	77.160356830849398E-12	1.810020341548037E-3
173.000000000000030E+0	6.080646414042095E-12	1.864310533823041E-3
174.000000000000030E+0	40.101384468685647E-12	1.907030836137196E-3
175.000000000000030E+0	116.820020095505730E-12	1.990833798415328E-3
176.000000000000030E+0	78.540785799222737E-12	2.106681617442867E-3
177.000000000000030E+0	31.250640954039710E-12	2.214417451373593E-3
178.000000000000030E+0	73.438771938684910E-12	2.269052332655714E-3
179.000000000000030E+0	28.422916966683563E-12	2.297292866296407E-3
180.000000000000030E+0	73.287404655074300E-12	2.376567428576082E-3
181.000000000000030E+0	9.411213698411509E-12	2.472679553039098E-3
182.000000000000030E+0	94.922459725736046E-12	2.554503034571359E-3
183.000000000000030E+0	112.512595990119900E-12	2.657902962134223E-3
184.000000000000030E+0	21.726130964056971E-12	2.724905515663144E-3
185.000000000000030E+0	127.676385169801300E-12	2.735025665125390E-3
186.000000000000030E+0	341.320727613649810E-12	2.772262049628711E-3
187.000000000000030E+0	176.444102581039830E-12	2.883003939978887E-3
188.000000000000030E+0	43.850569595151508E-12	3.020277563738115E-3
189.000000000000030E+0	35.206863401710492E-12	3.058877326886482E-3
190.000000000000030E+0	76.163973880439862E-12	3.032222448944931E-3
191.000000000000030E+0	37.609640763864026E-12	3.090706578197627E-3
192.000000000000030E+0	43.575950713453878E-12	3.181738273864972E-3
193.000000000000030E+0	57.628232546340270E-12	3.253957602170613E-3
194.000000000000030E+0	6.328563416695093E-12	3.327490650421079E-3
195.000000000000030E+0	142.987103882620850E-12	3.349596827831919E-3
196.000000000000030E+0	236.675678744228100E-12	3.326657899219557E-3
197.000000000000030E+0	281.985754539406230E-12	3.332802798844903E-3
198.000000000000030E+0	139.802745826740890E-12	3.446034893461563E-3
199.000000000000030E+0	6.886194719178592E-12	3.554011371732181E-3
200.000000000000030E+0	8.968156263439453E-12	3.503540556494439E-3
201.000000000000030E+0	148.507737014206020E-12	3.445965323221835E-3
202.000000000000030E+0	347.655474738838680E-12	3.475163810240229E-3
203.000000000000030E+0	175.765432913006910E-12	3.551631118636023E-3
204.000000000000030E+0	127.496535165940800E-12	3.621836797782386E-3
205.000000000000030E+0	175.353420994118020E-12	3.589036209860057E-3
206.000000000000030E+0	634.603023497249910E-12	3.515852906576876E-3
207.000000000000030E+0	719.779631625274120E-12	3.497879802536267E-3
208.000000000000030E+0	76.332186388698262E-12	3.576059104644572E-3
209.000000000000030E+0	54.693845648400332E-12	3.623620266363725E-3
210.000000000000030E+0	80.075289831281397E-12	3.560264574411217E-3
211.000000000000030E+0	27.677920622455685E-12	3.494848375530205E-3
212.000000000000030E+0	9.678810965845410E-12	3.439334463922588E-3
213.000000000000030E+0	620.069953649411670E-12	3.492991878870413E-3
214.000000000000030E+0	567.885063603145500E-12	3.564549676008829E-3
215.000000000000030E+0	5.697393056715074E-12	3.458092702143568E-3
216.000000000000030E+0	27.489573169376907E-12	3.303655360222361E-3
217.000000000000030E+0	19.080269045260716E-12	3.312011903666910E-3
218.000000000000030E+0	79.545659907903806E-12	3.399008457855063E-3
219.000000000000030E+0	91.865194209532248E-12	3.326214188256254E-3
220.000000000000030E+0	89.105292870625275E-12	3.215616668771066E-3
221.000000000000030E+0	60.876106725361595E-12	3.127837724329672E-3
222.000000000000030E+0	128.302682476757690E-12	3.102122359074465E-3
223.000000000000030E+0	24.970683277721611E-12	3.148885039508018E-3
224.000000000000030E+0	24.659461946603373E-12	3.096389359495554E-3
225.000000000000030E+0	24.789691524868172E-12	2.941337627560805E-3
226.000000000000030E+0	21.046046123687906E-12	2.840223032518056E-3
227.000000000000030E+0	78.623165812700422E-12	2.891352692512833E-3
228.000000000000030E+0	126.458561354145530E-12	2.898085288893807E-3
229.000000000000030E+0	149.745404867187630E-12	2.761710613206402E-3
230.000000000000030E+0	86.862297477212605E-12	2.586768415843453E-3
231.000000000000030E+0	53.404250532581222E-12	2.604611471433618E-3
232.000000000000030E+0	36.090258307612975E-12	2.641778551375205E-3
233.000000000000030E+0	31.784516385136464E-12	2.512813799755134E-3
234.000000000000030E+0	12.359002582088188E-12	2.384103455181651E-3
235.000000000000030E+0	9.621758197601252E-12	2.319249622626940E-3
236.000000000000030E+0	17.971606745747841E-12	2.310811476490457E-3
237.000000000000030E+0	110.022110220428760E-12	2.304615033168695E-3
238.000000000000030E+0	129.679825110085700E-12	2.177837073847257E-3
239.000000000000030E+0	116.235481520042760E-12	2.008778065324142E-3
240.000000000000030E+0	156.922789956089670E-12	2.038538619116710E-3
241.000000000000030E+0	140.375235620367420E-12	2.052328081293086E-3
242.000000000000030E+0	80.594424836740815E-12	1.911517478439306E-3
243.000000000000030E+0	88.389882178358132E-12	1.755879698325645E-3
244.000000000000030E+0	125.864465604497000E-12	1.764558957700815E-3
245.000000000000030E+0	72.589410391553168E-12	1.767955887228155E-3
246.000000000000030E+0	68.976177431519265E-12	1.657936616376710E-3
247.000000000000030E+0	494.713046664165130E-12	1.537512975519965E-3
248.000000000000030E+0	255.145537251301810E-12	1.492412323539175E-3
249.000000000000030E+0	237.482361504922890E-12	1.479606694353779E-3
250.000000000000030E+0	634.323377528818910E-12	1.455337968027639E-3
251.000000000000030E+0	427.678167024773180E-12	1.297161784331202E-3
252.000000000000030E+0	65.894144990994846E-12	1.222017710457165E-3
253.000000000000030E+0	116.904320437774270E-12	1.275285679631029E-3
254.000000000000030E+0	111.868381054664500E-12	1.212754028263378E-3
255.000000000000030E+0	1.672071356075520E-12	1.060175473267148E-3
256.000000000000060E+0	4.262226424115946E-12	1.032293550722041E-3
257.000000000000060E+0	2.071884247002600E-12	1.046755653214888E-3
258.000000000000060E+0	1.493573462181820E-12	985.647187658482370E-6
259.000000000000060E+0	29.588746171103187E-12	887.991733331875670E-6
260.000000000000060E+0	80.394083363123194E-12	843.318422241159160E-6
261.000000000000060E+0	148.359151797518480E-12	836.263352235253400E-6
262.000000000000060E+0	182.913223989988290E-12	830.135918937285610E-6
263.000000000000060E+0	13.261282816131040E-12	709.349608156430120E-6
264.000000000000060E+0	142.080438021564540E-12	658.370212296445970E-6
265.000000000000060E+0	294.088819054733750E-12	708.749901659310640E-6
266.000000000000060E+0	149.805371391377300E-12	644.645158102385900E-6
267.000000000000060E+0	93.326763618172029E-12	549.181161188260590E-6
268.000000000000060E+0	31.755565920268760E-12	550.338200148614630E-6
269.000000000000060E+0	7.252024174970717E-12	549.443041190150730E-6
270.000000000000060E+0	33.371192483031951E-12	497.849580846590630E-6
271.000000000000060E+0	1.475792168161167E-12	441.989201011975190E-6
272.000000000000060E+0	21.865469194894240E-12	416.422420152236900E-6
273.000000000000060E+0	22.404959483255262E-12	432.320586183723120E-6
274.000000000000060E+0	27.780278688119411E-12	390.335759055980080E-6
275.000000000000060E+0	24.009317785379583E-12	314.259612333484210E-6
276.000000000000060E+0	102.851656105274230E-12	336.866777793445980E-6
277.000000000000060E+0	90.500184198222176E-12	338.707265963766580E-6
278.000000000000060E+0	2.615674619787883E-12	266.317192825258220E-6
279.000000000000060E+0	60.439068520295098E-12	253.951423444561840E-6
280.000000000000060E+0	93.975704992142899E-12	263.196089739511550E-6
281.000000000000060E+0	257.353549717062400E-12	241.653008576537140E-6
282.000000000000060E+0	412.782242262181290E-12	211.584526097692330E-6
283.000000000000060E+0	100.508044719800620E-12	187.735507951175790E-6
284.000000000000060E+0	22.594691379211827E-12	204.211174226920610E-6
285.000000000000060E+0	254.863040773356210E-12	191.024885715754810E-6
286.000000000000060E+0	198.275244578635930E-12	141.540082514522640E-6
287.000000000000060E+0	38.717389223171857E-12	160.937340405308430E-6
288.000000000000060E+0	26.580270738441146E-12	168.051641876206140E-6
289.000000000000060E+0	40.694412570357180E-12	128.570320304651260E-6
290.000000000000060E+0	15.821078761778129E-12	125.101834101279960E-6
291.000000000000060E+0	90.866075255341848E-12	133.181916733051510E-6
292.000000000000060E+0	133.909806599374620E-12	124.811900222948410E-6
293.000000000000060E+0	11.213173887687582E-12	109.548994944250940E-6
294.000000000000060E+0	107.263366160266790E-12	98.288585545890588E-6
295.000000000000060E+0	199.810973828485460E-12	119.999634080422280E-6
296.000000000000060E+0	135.251320508532380E-12	105.445491832398680E-6
297.000000000000060E+0	53.584672410902266E-12	83.405467970151351E-6
298.000000000000060E+0	8.279776485162310E-15	110.553718655876590E-6
299.000000000000060E+0	1.127958874962133E-12	105.072643514275030E-6
300.000000000000060E+0	110.213114788594940E-12	86.304939935861422E-6
301.000000000000060E+0	114.127882394486260E-12	96.700700917851706E-6
302.000000000000060E+0	31.361753684739335E-12	100.577220501389280E-6
303.000000000000060E+0	46.335258579368618E-12	102.405292217966360E-6
304.000000000000060E+0	41.289839656934219E-12	89.084484219423553E-6
305.000000000000060E+0	82.158337762697651E-12	103.722089673457180E-6
306.000000000000060E+0	23.204582324804517E-12	118.867646355778820E-6
307.000000000000060E+0	18.521585867086101E-12	90.690859964777192E-6
308.000000000000060E+0	8.727629933088679E-12	110.217889559842610E-6
309.000000000000060E+0	33.286773774696274E-12	122.664488047687260E-6
310.000000000000060E+0	166.925944432774220E-12	107.607617652328070E-6
311.000000000000060E+0	70.411921143364226E-12	116.956361277703370E-6
312.000000000000060E+0	56.072075760245638E-12	125.564293242410220E-6
313.000000000000060E+0	746.725896547969640E-12	134.177319631408250E-6
314.000000000000060E+0	1.068564611568981E-9	122.095791212374060E-6
315.000000000000060E+0	228.038084565246810E-12	137.439646596362360E-6
316.000000000000060E+0	16.077443642197002E-12	155.835933415036620E-6
317.000000000000060E+0	1.669417041663201E-12	129.429943898288710E-6
318.000000000000060E+0	2.225382667981894E-12	153.514655565156680E-6
319.000000000000060E+0	18.685860865917009E-12	162.375403074409360E-6
320.000000000000060E+0	27.008071035636046E-12	149.752834457769930E-6
321.000000000000060E+0	20.004786786485002E-12	162.604383896858370E-6
322.000000000000060E+0	10.944798437144501E-12	170.662301791317200E-6
323.000000000000060E+0	130.721845372359810E-12	177.352479668136980E-6
324.000000000000060E+0	23.442064078835645E-12	162.971095111167190E-6
325.000000000000060E+0	48.901766744368038E-12	192.757409414249380E-6
326.000000000000060E+0	76.246441440832313E-12	188.869281219183290E-6
327.000000000000060E+0	41.225922979698146E-12	179.568116685230500E-6
328.000000000000060E+0	18.897949289387899E-12	210.801574644468770E-6
329.000000000000060E+0	42.722472539593961E-12	197.679096663785620E-6
330.000000000000060E+0	44.179949935972401E-12	204.689408166544570E-6
331.000000000000060E+0	56.112058011399311E-12	209.120801387733390E-6
332.000000000000060E+0	76.441777966949419E-12	223.118383517340240E-6
333.000000000000060E+0	107.615942384621050E-12	212.114788478177180E-6
334.000000000000060E+0	27.275640204341330E-12	224.641263377077970E-6
335.000000000000060E+0	56.088607516557472E-12	240.742279807635430E-6
336.000000000000060E+0	26.213901503798829E-12	217.496467992003870E-6
337.000000000000060E+0	35.055207319966126E-12	246.494059240130910E-6
338.000000000000060E+0	79.074350691350210E-12	239.484999455446590E-6
339.000000000000060E+0	35.736419690103316E-12	243.528953325459470E-6
340.000000000000060E+0	241.711407237750040E-12	246.980067422773630E-6
341.000000000000060E+0	103.143354804569540E-12	257.925380188806430E-6
342.000000000000060E+0	10.272692003816736E-12	249.700419369673640E-6
343.000000000000060E+0	61.833106872864341E-12	253.300815540207340E-6
344.000000000000060E+0	33.047898261847222E-12	270.430226974617760E-6
345.000000000000060E+0	110.009090663728440E-12	249.787617488124830E-6
346.000000000000060E+0	116.632302949911300E-12	273.734405178828240E-6
347.000000000000060E+0	234.229028514691480E-12	264.883333768713290E-6
348.000000000000060E+0	46.608911997635336E-12	269.372579710071590E-6
349.000000000000060E+0	3.322557045686064E-12	268.821795664695620E-6
350.000000000000060E+0	24.918497310836332E-12	277.414192546010630E-6
351.000000000000060E+0	45.870835994853046E-12	268.162960448007700E-6
352.000000000000060E+0	5.796413015408138E-12	277.618027311709520E-6
353.000000000000060E+0	71.474697924171149E-12	281.922700521513830E-6
354.000000000000060E+0	14.876727920439726E-12	271.218156617982190E-6
355.000000000000060E+0	28.985536834726170E-12	287.753748562052100E-6
356.000000000000060E+0	99.358829695070429E-12	275.886428680449140E-6
357.000000000000060E+0	21.203920654238284E-12	284.128429620366490E-6
358.000000000000060E+0	124.481292031369240E-12	277.195140337374150E-6
359.000000000000060E+0	31.307584246687904E-12	290.244231683339720E-6
360.000000000000060E+0	17.171480064947891E-12	274.505530780628520E-6
361.000000000000060E+0	117.393090212350140E-12	291.623370910771630E-6
362.000000000000060E+0	207.681755084269920E-12	278.136523928550290E-6
363.000000000000060E+0	447.220134623575860E-12	285.050942547562150E-6
364.000000000000060E+0	462.012904407783970E-12	282.529792949607670E-6
365.000000000000060E+0	74.423834700599467E-12	284.035024307838380E-6
366.000000000000060E+0	9.274181370873900E-12	280.952951402211950E-6
367.000000000000060E+0	10.548110968762179E-12	281.956254516663750E-6
368.000000000000060E+0	42.342798806061223E-12	280.032043274049050E-6
369.000000000000060E+0	20.366770682176203E-12	275.672481698222350E-6
370.000000000000060E+0	62.402084325914577E-12	281.198926043164600E-6
371.000000000000060E+0	83.764145179065098E-12	271.899327213198140E-6
372.000000000000060E+0	23.792463937523963E-12	277.277523553772150E-6
373.000000000000060E+0	97.300588781994301E-12	270.988778206193440E-6
374.000000000000060E+0	275.040451153232980E-12	272.997179649514210E-6
375.000000000000060E+0	175.072366165088320E-12	263.983365931664010E-6
376.000000000000060E+0	179.950271910342340E-12	272.162997076463170E-6
377.000000000000060E+0	149.288194099577000E-12	256.799050727584290E-6
378.000000000000060E+0	181.431403538696540E-12	267.153523336832810E-6
379.000000000000060E+0	66.821236912368271E-12	254.867101345428070E-6
380.000000000000060E+0	56.276265093517848E-12	259.606443640406970E-6
381.000000000000060E+0	85.237096640404120E-12	252.685963969996490E-6
382.000000000000060E+0	38.620119520153428E-12	255.502550936919470E-6
383.000000000000060E+0	48.372871558238436E-12	243.608843825586120E-6
384.000000000000060E+0	124.739463010213980E-12	254.191217157114360E-6
385.000000000000060E+0	314.088897162706450E-12	237.278098862686160E-6
386.000000000000060E+0	196.657027356827330E-12	245.980315501845110E-6
387.000000000000060E+0	267.678480685422070E-12	235.170708232314040E-6
388.000000000000060E+0	132.806265898664130E-12	236.888177374190620E-6
389.000000000000060E+0	168.402000098296560E-12	229.307163281903240E-6
390.000000000000060E+0	42.419206961044280E-12	232.675996373375490E-6
391.000000000000060E+0	36.954509444859980E-12	218.258587027440150E-6
392.000000000000060E+0	91.973078299570231E-12	228.794636517827180E-6
393.000000000000060E+0	90.942688393135990E-12	211.907117464722710E-6
394.000000000000060E+0	140.559099564851300E-12	219.959614460022100E-6
395.000000000000060E+0	135.635255122078200E-12	209.473324971521870E-6
396.000000000000060E+0	199.437794349856650E-12	206.139315118703900E-6
397.000000000000060E+0	147.466880322286880E-12	207.458352059942740E-6
398.000000000000060E+0	5.177565942499905E-12	199.540661468127670E-6
399.000000000000060E+0	130.186658612556230E-12	197.163011114255220E-6
400.000000000000060E+0	182.303969411957600E-12	197.043118871082560E-6
401.000000000000060E+0	38.051688376240806E-12	185.517854394724080E-6
402.000000000000060E+0	24.866310448196473E-12	189.231263393492340E-6
403.000000000000060E+0	25.974446432258021E-12	182.374547990450090E-6
404.000000000000060E+0	16.427687710795419E-12	175.960140378969040E-6
405.000000000000060E+0	5.347827554488368E-12	181.528696609217360E-6
406.000000000000060E+0	21.586658206255043E-12	160.697536214896060E-6
407.000000000000060E+0	125.243099853855390E-12	178.234720114480590E-6
408.000000000000060E+0	100.275931239782640E-12	155.902286558877810E-6
409.000000000000060E+0	51.108470841139331E-12	165.533785337228970E-6
410.000000000000060E+0	2.887843656162319E-12	156.339188731575580E-6
411.000000000000060E+0	21.171385072258153E-12	150.713084842551240E-6
412.000000000000060E+0	194.102183106416280E-12	150.816199780829370E-6
413.000000000000060E+0	942.246074143451910E-12	145.172263903403850E-6
414.000000000000060E+0	280.466191718257310E-12	141.468314056722940E-6
415.000000000000060E+0	9.766804351751090E-12	141.883362675822270E-6
416.000000000000060E+0	109.702896942739190E-12	129.532146204939670E-6
417.000000000000060E+0	141.008240763103230E-12	133.574470451047440E-6
418.000000000000060E+0	85.577432424238441E-12	127.051695915590630E-6
419.000000000000060E+0	299.948794362168570E-12	121.544652600235760E-6
420.000000000000060E+0	417.450549743262170E-12	127.768226014700690E-6
421.000000000000060E+0	257.250409576749450E-12	109.224510783923160E-6
422.000000000000060E+0	48.560399472683516E-12	123.139575168562440E-6
423.000000000000060E+0	70.804086173219165E-12	101.418801276198630E-6
424.000000000000060E+0	42.911711615247862E-12	111.816268575255220E-6
425.000000000000060E+0	22.540660567898048E-12	102.448474783378800E-6
426.000000000000060E+0	134.773803592943190E-12	97.586719287349582E-6
427.000000000000060E+0	118.010439131859530E-12	105.051612425061220E-6
428.000000000000060E+0	109.148910498082140E-12	85.077000907568453E-6
429.000000000000060E+0	152.668542330508880E-12	100.786403755182400E-6
430.000000000000060E+0	172.437162881586770E-12	79.353596303752846E-6
431.000000000000060E+0	36.005009849659234E-12	90.163931492637673E-6
432.000000000000060E+0	76.940698155662761E-12	80.275717845107507E-6
433.000000000000060E+0	171.865599553176800E-12	77.342836800517150E-6
434.000000000000060E+0	36.216964476719720E-12	83.486774070333202E-6
435.000000000000060E+0	52.548274315441101E-12	64.854197883652985E-6
436.000000000000060E+0	71.527813438324940E-12	80.657126703387823E-6
437.000000000000060E+0	21.309281020387799E-12	59.960994382693600E-6
438.000000000000060E+0	154.445371130799630E-12	69.447154647164731E-6
439.000000000000060E+0	38.655964069566899E-12	61.987652546375755E-6
440.000000000000060E+0	11.073074568207773E-12	58.124158994760372E-6
441.000000000000060E+0	114.044426936988900E-12	64.130145993245932E-6
442.000000000000060E+0	57.940232885624251E-12	48.618444841272509E-6
443.000000000000060E+0	17.013738260460470E-12	62.861499814825006E-6
444.000000000000060E+0	42.748717194231685E-12	43.568157991498546E-6
445.000000000000060E+0	141.121936352347720E-12	52.983079758711216E-6
446.000000000000060E+0	66.808066318768830E-12	45.342002974335649E-6
447.000000000000060E+0	20.439175372899752E-12	41.929426485816502E-6
448.000000000000060E+0	130.494453381317580E-12	47.490525540330188E-6
449.000000000000060E+0	143.513372056200370E-12	34.747877712848668E-6
450.000000000000060E+0	31.199360397800331E-12	45.224509824885263E-6
451.000000000000060E+0	9.131414862012166E-12	33.090069419834725E-6
452.000000000000060E+0	5.734965988883293E-12	38.046619513326274E-6
453.000000000000060E+0	64.434407044309359E-12	32.784944149570323E-6
454.000000000000060E+0	6.343726621368871E-12	30.996194451203172E-6
455.000000000000060E+0	145.105313857956340E-12	30.228427338659528E-6
456.000000000000060E+0	138.581390050263490E-12	27.702805065170267E-6
457.000000000000060E+0	154.540112749350260E-12	26.825704347829601E-6
458.000000000000060E+0	74.931636144151726E-12	25.655007946481903E-6
459.000000000000060E+0	508.373818943428460E-15	23.409732450931862E-6
460.000000000000060E+0	14.430133121994167E-12	22.217935578532599E-6
461.000000000000060E+0	63.186924875230499E-12	24.828381118775408E-6
462.000000000000060E+0	174.286087440807750E-12	15.903682155506693E-6
463.000000000000060E+0	79.548360252332566E-12	25.183175515887203E-6
464.000000000000060E+0	1.236847862700154E-12	13.833898719150819E-6
465.000000000000060E+0	7.903550685810630E-12	19.632311657944150E-6
466.000000000000060E+0	29.451325127557171E-12	14.521767925137498E-6
467.000000000000060E+0	8.635471222825574E-12	13.142051362572711E-6
468.000000000000060E+0	11.980725226338901E-12	15.894859341124417E-6
469.000000000000060E+0	43.758991933900972E-12	10.220330160378529E-6
470.000000000000060E+0	55.678182878818764E-12	12.912382654374149E-6
471.000000000000060E+0	26.733024835661002E-12	10.411152682014671E-6
472.000000000000060E+0	4.184895581672922E-12	10.064653075507932E-6
473.000000000000060E+0	34.582500395106749E-12	8.578728219778632E-6
474.000000000000060E+0	47.240986066482836E-12	10.496093537914875E-6
475.000000000000060E+0	69.387820400003426E-12	5.572607000688396E-6
476.000000000000060E+0	154.334541027941050E-12	12.048336599281671E-6
477.000000000000060E+0	7.718787159504823E-12	4.270728462697614E-6
478.000000000000060E+0	237.297816360417090E-15	8.236437717137164E-6
479.000000000000060E+0	18.819006534508671E-12	5.929656882531936E-6
480.000000000000060E+0	68.929543968336311E-12	5.633261810103256E-6
481.000000000000060E+0	4.059992779522949E-12	5.358518542240778E-6
482.000000000000060E+0	12.039622003335140E-12	5.506386833907649E-6
483.000000000000060E+0	65.414691759516150E-12	3.225563343708755E-6
484.000000000000060E+0	53.362446229184322E-12	5.343386864041718E-6
485.000000000000060E+0	26.532381153590708E-12	2.691603383713667E-6
486.000000000000060E+0	64.500076170189647E-12	2.069073943741727E-6
487.000000000000060E+0	121.025882004375120E-12	3.949395348325832E-6
488.000000000000060E+0	22.521582613221176E-12	1.435346363553879E-6
489.000000000000060E+0	48.939705640935991E-12	2.653461228830790E-6
490.000000000000060E+0	13.051778567801541E-12	1.814536887251520E-6
491.000000000000060E+0	40.090897598339430E-12	1.110824310632174E-6
492.000000000000060E+0	101.480925311133520E-12	856.759385417068910E-9
493.000000000000060E+0	91.282962201628413E-12	1.968807349127538E-6
494.000000000000060E+0	23.674542180450154E-12	77.890448789414446E-9
495.000000000000060E+0	180.125798212210880E-12	1.899853811513222E-6
496.000000000000060E+0	467.274618136667290E-12	317.704153600012490E-9
497.000000000000060E+0	111.590346716266970E-12	688.560329900960300E-9
498.000000000000060E+0	24.859255124492490E-12	351.201865051634400E-9
499.000000000000060E+0	2.469012941350374E-12	723.582004734048160E-9
500.000000000000060E+0	161.130471265898770E-12	134.557243134296370E-9
