Freq (Hz)	micro(Pa^2 )	hp(V^2 )
49.000000000000007E+0	381.413386185767610E-12	364.420058457475900E-12
50.000000000000007E+0	670.959483981442990E-12	10.927084655114596E-9
51.000000000000007E+0	146.148822341575480E-12	2.003664176853659E-9
52.000000000000007E+0	64.202017193403024E-12	2.209296728581861E-9
53.000000000000007E+0	162.646063723335830E-12	6.173693151133605E-9
54.000000000000007E+0	159.626599789554370E-12	7.049695617790924E-9
55.000000000000007E+0	141.849898171276960E-12	8.805505886654264E-9
56.000000000000007E+0	10.789908550597326E-12	11.349626138992588E-9
57.000000000000007E+0	143.841347625651680E-12	16.184740695730299E-9
58.000000000000007E+0	141.982471172853860E-12	18.694020241508123E-9
59.000000000000007E+0	44.128682129545100E-12	30.251038933134690E-9
60.000000000000007E+0	165.172942342038370E-12	39.257652389737562E-9
61.000000000000007E+0	36.284028839104558E-12	52.320938932919635E-9
62.000000000000007E+0	37.107206384696478E-12	58.322246070898209E-9
63.000000000000007E+0	193.316395740297290E-12	70.851672949789842E-9
64.000000000000014E+0	275.392867129839640E-12	115.635905585873130E-9
65.000000000000014E+0	249.823491729180080E-12	116.031860146196510E-9
66.000000000000014E+0	93.286416919969010E-12	142.693796896343440E-9
67.000000000000014E+0	3.380089527384675E-12	196.883605254355870E-9
68.000000000000014E+0	117.821448921218660E-12	231.015371210088290E-9
69.000000000000014E+0	162.700658804956820E-12	263.344995015340970E-9
70.000000000000014E+0	150.298947808842750E-12	313.473375868928350E-9
71.000000000000014E+0	69.881996765073046E-12	357.678640848284970E-9
72.000000000000014E+0	22.583562037512627E-12	396.370795363483090E-9
73.000000000000014E+0	140.619122995928120E-12	476.570267788118900E-9
74.000000000000014E+0	80.811705435314200E-12	567.038213928235720E-9
75.000000000000014E+0	13.857548087012070E-12	559.526691054886410E-9
76.000000000000014E+0	43.298417909336423E-12	616.700920527035240E-9
77.000000000000014E+0	109.396895387004810E-12	681.919990225157530E-9
78.000000000000014E+0	130.323718289775280E-12	761.776105366234800E-9
79.000000000000014E+0	51.114059626315552E-12	883.519856945690180E-9
80.000000000000014E+0	12.873700545202786E-12	952.119572309164080E-9
81.000000000000014E+0	257.666649062416950E-12	1.039790716254377E-6
82.000000000000014E+0	292.557581962674900E-12	1.227489084798892E-6
83.000000000000014E+0	9.836874470680212E-12	1.415191517838278E-6
84.000000000000014E+0	447.819690366953990E-12	1.629228025691500E-6
85.000000000000014E+0	124.551134691617800E-12	1.818783321088810E-6
86.000000000000014E+0	22.552760935843319E-12	1.932885973941748E-6
87.000000000000014E+0	69.698576364442615E-12	2.246180733203858E-6
88.000000000000014E+0	64.075977620234419E-12	2.484417743439423E-6
89.000000000000014E+0	48.492595928229840E-12	2.532022213079037E-6
90.000000000000014E+0	2.481479092910353E-12	2.502376150286720E-6
91.000000000000014E+0	4.881631683754541E-12	2.653954667039723E-6
92.000000000000014E+0	11.915865975085649E-12	2.755738798787067E-6
93.000000000000014E+0	5.252453803007745E-12	2.807306533240250E-6
94.000000000000014E+0	29.775549240656317E-12	3.016548824903701E-6
95.000000000000014E+0	56.521694997992922E-12	3.233714288242285E-6
96.000000000000014E+0	122.314189617167520E-12	3.627892451930703E-6
97.000000000000014E+0	170.203287562741210E-12	3.943899160795216E-6
98.000000000000014E+0	20.658153098618608E-12	4.349507981660403E-6
99.000000000000014E+0	581.063686324175680E-12	4.624331870509595E-6
100.000000000000010E+0	1.489867326818970E-9	4.647050674143766E-6
101.000000000000010E+0	192.819395766923560E-12	4.423811886195441E-6
102.000000000000010E+0	21.668228127264677E-12	4.355004878515475E-6
103.000000000000010E+0	96.613296257975292E-12	4.375341156651084E-6
104.000000000000010E+0	23.375503249140480E-12	4.671420734784120E-6
105.000000000000010E+0	206.390377750106460E-12	5.097858152156034E-6
106.000000000000010E+0	302.190288988031240E-12	5.754670746595781E-6
107.000000000000010E+0	124.663377390875450E-12	6.352241462655753E-6
108.000000000000010E+0	47.428561910369004E-12	6.756463500037688E-6
109.000000000000010E+0	217.713649670646730E-12	6.663951310620247E-6
110.000000000000010E+0	75.407220932211792E-12	6.450999186755972E-6
111.000000000000010E+0	26.234402491915674E-12	6.555097461833398E-6
112.000000000000010E+0	52.782504641056143E-12	7.125004403985177E-6
113.000000000000010E+0	59.117874685360883E-12	8.405021767371419E-6
114.000000000000010E+0	123.476240426812990E-12	9.848222327161667E-6
115.000000000000010E+0	1.610670972988454E-9	11.069400873383450E-6
116.000000000000010E+0	2.902830109076013E-9	11.961249106350627E-6
117.000000000000010E+0	338.975252485679480E-12	12.390279838111213E-6
118.000000000000010E+0	30.491889541737367E-12	12.842342711049984E-6
119.000000000000010E+0	24.160827369822163E-12	14.044178244212399E-6
120.000000000000010E+0	19.885353867748398E-12	16.908021658704877E-6
121.000000000000010E+0	57.983861020855351E-12	20.728276664030161E-6
122.000000000000010E+0	34.868625743378130E-12	24.229256439540197E-6
123.000000000000010E+0	23.701558337005405E-12	26.320307531632449E-6
124.000000000000010E+0	30.506735312676865E-12	27.907828618682840E-6
125.000000000000010E+0	3.576447755046866E-12	30.833456753190501E-6
126.000000000000010E+0	58.769978133393415E-12	35.629916762932990E-6
127.000000000000010E+0	7.500905563206167E-12	42.018368977366208E-6
128.000000000000030E+0	19.761574743168991E-12	49.494611984882405E-6
129.000000000000030E+0	28.180131895430381E-12	56.788493522115860E-6
130.000000000000030E+0	156.652222925999020E-12	62.060808784156983E-6
131.000000000000030E+0	115.947907407443400E-12	67.719986068158584E-6
132.000000000000030E+0	19.468446581571598E-12	76.483448761962249E-6
133.000000000000030E+0	106.114383871004380E-12	88.127589083925254E-6
134.000000000000030E+0	292.960180526940430E-12	100.617768534718800E-6
135.000000000000030E+0	94.529905850379396E-12	113.071795567573420E-6
136.000000000000030E+0	3.480611865969973E-12	125.128229527795030E-6
137.000000000000030E+0	33.772155870925135E-12	138.318791656208080E-6
138.000000000000030E+0	70.622118635507864E-12	154.695109213491760E-6
139.000000000000030E+0	67.564020276483056E-12	176.289006023977510E-6
140.000000000000030E+0	7.628813076215790E-12	197.503740952709640E-6
141.000000000000030E+0	2.577673101615764E-12	212.561491826629390E-6
142.000000000000030E+0	56.677941135175735E-12	226.998501066014590E-6
143.000000000000030E+0	34.090337742072105E-12	251.063230039529950E-6
144.000000000000030E+0	28.077588402264984E-12	285.041002995740680E-6
145.000000000000030E+0	189.575975107684770E-12	319.695710135237990E-6
146.000000000000030E+0	145.618222022443970E-12	348.760179809744880E-6
147.000000000000030E+0	35.021644503755770E-12	371.245870062119170E-6
148.000000000000030E+0	21.557044661304893E-12	394.955861137575580E-6
149.000000000000030E+0	350.983058439603070E-12	432.003781602350800E-6
150.000000000000030E+0	582.864954625928700E-12	483.602243185032570E-6
151.000000000000030E+0	110.267150646671530E-12	531.378897643987780E-6
152.000000000000030E+0	20.154736299488919E-12	563.710974912303590E-6
153.000000000000030E+0	147.251152319671830E-12	600.532407259550600E-6
154.000000000000030E+0	158.738410600746910E-12	649.638726350648260E-6
155.000000000000030E+0	251.577828486062530E-12	701.330400090348450E-6
156.000000000000030E+0	61.420342569233589E-12	750.576648971501620E-6
157.000000000000030E+0	48.154881443367642E-12	800.146912860013550E-6
158.000000000000030E+0	339.141184704811480E-12	858.370718710705000E-6
159.000000000000030E+0	432.950244623193840E-12	929.712652357705260E-6
160.000000000000030E+0	25.515066733070556E-12	994.651733464236220E-6
161.000000000000030E+0	423.575137837458820E-12	1.034706702013187E-3
162.000000000000030E+0	336.472868635211280E-12	1.076940913903242E-3
163.000000000000030E+0	86.014747266234234E-12	1.154029217196045E-3
164.000000000000030E+0	121.144244845334460E-12	1.248047695625355E-3
165.000000000000030E+0	37.579473385090484E-12	1.326583039858213E-3
166.000000000000030E+0	449.702258175715980E-15	1.381571884790530E-3
167.000000000000030E+0	1.658736855344451E-12	1.428863566202324E-3
168.000000000000030E+0	8.729396602851897E-12	1.499164673306247E-3
169.000000000000030E+0	94.387393372723407E-12	1.590286811763271E-3
170.000000000000030E+0	30.224618799375844E-12	1.669559676036198E-3
171.000000000000030E+0	60.995860332801887E-12	1.751963134274896E-3
172.000000000000030E+0	104.060887103166430E-12	1.842861145818670E-3
173.000000000000030E+0	147.563190189114970E-12	1.898314511741318E-3
174.000000000000030E+0	26.714261675960989E-12	1.940202661007890E-3
175.000000000000030E+0	18.122386592288821E-12	2.023695770088839E-3
176.000000000000030E+0	76.562523793249542E-12	2.143465651059664E-3
177.000000000000030E+0	75.673398055736262E-12	2.253144113465440E-3
178.000000000000030E+0	17.715303353933527E-12	2.306058237863075E-3
179.000000000000030E+0	6.275106724203478E-12	2.334374354873110E-3
180.000000000000030E+0	20.687444412833846E-12	2.414750658807458E-3
181.000000000000030E+0	143.810321169541800E-12	2.512159721541776E-3
182.000000000000030E+0	63.820789297839888E-12	2.595302427055907E-3
183.000000000000030E+0	4.279741243208351E-12	2.698877379741792E-3
184.000000000000030E+0	83.781974805200158E-12	2.767469872031482E-3
185.000000000000030E+0	1.298659105888596E-12	2.776580825364499E-3
186.000000000000030E+0	144.740272291126740E-12	2.810724092620562E-3
187.000000000000030E+0	27.846123583191455E-12	2.925167326230239E-3
188.000000000000030E+0	10.340958651930933E-12	3.065708233740656E-3
189.000000000000030E+0	63.997321564266861E-12	3.102161161440569E-3
190.000000000000030E+0	18.483713182594115E-12	3.073420662420497E-3
191.000000000000030E+0	33.618762963696102E-12	3.131820582677276E-3
192.000000000000030E+0	71.659357666501294E-12	3.225278164081488E-3
193.000000000000030E+0	250.572427544924080E-12	3.297292334403795E-3
194.000000000000030E+0	129.939359888743910E-12	3.370133282712488E-3
195.000000000000030E+0	108.475925729068900E-12	3.394541757130016E-3
196.000000000000030E+0	118.978810904523950E-12	3.368010436408058E-3
197.000000000000030E+0	34.881728021563076E-12	3.371867746745335E-3
198.000000000000030E+0	54.829949341078583E-12	3.489188110499451E-3
199.000000000000030E+0	45.657126345800860E-12	3.597378799099149E-3
200.000000000000030E+0	85.426493964188367E-12	3.545585069516062E-3
201.000000000000030E+0	63.237768634955377E-12	3.485174975968625E-3
202.000000000000030E+0	10.759094109050644E-12	3.514547666849230E-3
203.000000000000030E+0	101.548323970118010E-12	3.592676307447485E-3
204.000000000000030E+0	139.375279528860180E-12	3.661831943269876E-3
205.000000000000030E+0	13.318491790549971E-12	3.629608038172057E-3
206.000000000000030E+0	199.441673809907930E-12	3.552043960495123E-3
207.000000000000030E+0	499.856665697183590E-12	3.533163332650786E-3
208.000000000000030E+0	218.882408884730090E-12	3.614049246917463E-3
209.000000000000030E+0	36.553889718911357E-12	3.660396859344940E-3
210.000000000000030E+0	100.104667628384960E-12	3.595985732001606E-3
211.000000000000030E+0	148.600189204590000E-12	3.528107753928516E-3
212.000000000000030E+0	80.738972891544723E-12	3.471447401223954E-3
213.000000000000030E+0	3.831447468388625E-12	3.524470074629989E-3
214.000000000000030E+0	164.064098398414930E-12	3.598916397438444E-3
215.000000000000030E+0	833.734211785988830E-12	3.490524755198940E-3
216.000000000000030E+0	776.714968075161990E-12	3.329633620888301E-3
217.000000000000030E+0	30.884252103141758E-12	3.341121886901504E-3
218.000000000000030E+0	25.040944083177405E-12	3.428885385062436E-3
219.000000000000030E+0	10.730055408944392E-12	3.353958001195679E-3
220.000000000000030E+0	39.430771439546076E-12	3.240904549739213E-3
221.000000000000030E+0	101.642747180795290E-12	3.152072089995206E-3
222.000000000000030E+0	93.941425930009983E-12	3.125011512864497E-3
223.000000000000030E+0	128.194288658296770E-12	3.172815410092505E-3
224.000000000000030E+0	188.815099254705550E-12	3.120795490192222E-3
225.000000000000030E+0	11.825423807369010E-12	2.960653948003230E-3
226.000000000000030E+0	48.402391843914863E-12	2.859448870552312E-3
227.000000000000030E+0	2.201438075956502E-12	2.910484101282555E-3
228.000000000000030E+0	84.861602472483781E-12	2.918865824586189E-3
229.000000000000030E+0	125.931183819358650E-12	2.779708552405867E-3
230.000000000000030E+0	14.014289902536992E-12	2.601117718327699E-3
231.000000000000030E+0	99.514422685638992E-12	2.619828743215082E-3
232.000000000000030E+0	52.252801252856203E-12	2.658886403230241E-3
233.000000000000030E+0	80.999430676468433E-12	2.526867051998412E-3
234.000000000000030E+0	76.412229231519813E-12	2.396368475155100E-3
235.000000000000030E+0	7.959600604917516E-12	2.331766179756414E-3
236.000000000000030E+0	7.091304106460175E-12	2.321530138103579E-3
237.000000000000030E+0	12.558290841564963E-12	2.317705016667065E-3
238.000000000000030E+0	111.063036136558380E-12	2.188186445976090E-3
239.000000000000030E+0	78.939850701969926E-12	2.016922467794124E-3
240.000000000000030E+0	21.988546768280494E-12	2.047657610459709E-3
241.000000000000030E+0	1.392337427936796E-12	2.062917774364684E-3
242.000000000000030E+0	26.725922596238793E-12	1.919048319575686E-3
243.000000000000030E+0	156.218030288259100E-12	1.762004536833128E-3
244.000000000000030E+0	39.176093072910776E-12	1.770569289892901E-3
245.000000000000030E+0	190.525063251513920E-12	1.775867685045151E-3
246.000000000000030E+0	193.111865243389210E-12	1.663168863336582E-3
247.000000000000030E+0	78.782246323258722E-12	1.542580998568778E-3
248.000000000000030E+0	83.063260149210719E-12	1.496634737509288E-3
249.000000000000030E+0	226.585459477361550E-12	1.486408587255597E-3
250.000000000000030E+0	125.963360923810530E-12	1.464480523213589E-3
251.000000000000030E+0	47.886792893463627E-12	1.301655744861056E-3
252.000000000000030E+0	155.855886200247870E-12	1.223451997610523E-3
253.000000000000030E+0	229.001460870272920E-12	1.279628845896803E-3
254.000000000000030E+0	129.551285445097790E-12	1.215659149510473E-3
255.000000000000030E+0	13.289274360304171E-12	1.061674513917516E-3
256.000000000000060E+0	59.676224170528633E-12	1.033412274906822E-3
257.000000000000060E+0	119.305972292431610E-12	1.049321245465880E-3
258.000000000000060E+0	43.437125156505857E-12	986.971482714482000E-6
259.000000000000060E+0	1.982351867030139E-12	888.880111964761560E-6
260.000000000000060E+0	11.643895470148507E-12	843.784252749062870E-6
261.000000000000060E+0	71.145847884231655E-12	836.976821326988530E-6
262.000000000000060E+0	112.101487441559860E-12	831.409013712725580E-6
263.000000000000060E+0	65.840983201029931E-12	709.607196646425170E-6
264.000000000000060E+0	63.129076958612454E-12	657.713249002832220E-6
265.000000000000060E+0	72.332770645266852E-12	710.181592494161750E-6
266.000000000000060E+0	32.106578710458399E-12	644.747154899097770E-6
267.000000000000060E+0	61.859940453790752E-12	548.615900304382710E-6
268.000000000000060E+0	135.497443558472100E-12	550.165177778800390E-6
269.000000000000060E+0	124.015074895347470E-12	549.551098594055240E-6
270.000000000000060E+0	53.063175829508272E-12	497.571270757516920E-6
271.000000000000060E+0	17.243702581277405E-12	441.412019261560790E-6
272.000000000000060E+0	11.110244174992121E-12	415.853227506734530E-6
273.000000000000060E+0	37.561084783709192E-12	432.052224304605910E-6
274.000000000000060E+0	25.699623702718757E-12	390.419229192002000E-6
275.000000000000060E+0	42.008702091020711E-12	312.989610964785070E-6
276.000000000000060E+0	111.116583427028400E-12	336.685509997873830E-6
277.000000000000060E+0	58.635146669127833E-12	338.543220135715390E-6
278.000000000000060E+0	15.148606594234571E-12	265.523324047372530E-6
279.000000000000060E+0	29.651650836287281E-12	253.313870554220360E-6
280.000000000000060E+0	106.043922712804970E-12	262.799119167882730E-6
281.000000000000060E+0	8.391658758761724E-12	241.122952642233520E-6
282.000000000000060E+0	5.383606861628420E-12	210.977400443264590E-6
283.000000000000060E+0	177.779214551852260E-12	187.040542567853550E-6
284.000000000000060E+0	109.559336877951280E-12	203.710937716144600E-6
285.000000000000060E+0	403.442537271110930E-15	190.933720205605610E-6
286.000000000000060E+0	29.696853516770532E-12	140.609116194479610E-6
287.000000000000060E+0	57.839932766411799E-12	160.605938936650870E-6
288.000000000000060E+0	6.250450868326947E-12	167.794122058474300E-6
289.000000000000060E+0	12.024330492642912E-12	127.857475052475920E-6
290.000000000000060E+0	14.822113016315610E-12	124.636092989404280E-6
291.000000000000060E+0	2.277923246724666E-12	132.721704888957020E-6
292.000000000000060E+0	9.390775564193887E-12	124.376484923417650E-6
293.000000000000060E+0	30.417990908952611E-12	109.089141728892790E-6
294.000000000000060E+0	55.582723797654774E-12	97.658396562017903E-6
295.000000000000060E+0	88.698050405195806E-12	119.741517315188410E-6
296.000000000000060E+0	69.711522320974496E-12	105.023548078373040E-6
297.000000000000060E+0	25.315821292278845E-12	82.768908806996622E-6
298.000000000000060E+0	20.476097630058269E-12	110.189212137982920E-6
299.000000000000060E+0	120.662020142663560E-12	104.415435062656810E-6
300.000000000000060E+0	165.659544098678530E-12	85.371364624699933E-6
301.000000000000060E+0	5.235941908996153E-12	96.210925588347885E-6
302.000000000000060E+0	101.398155884943290E-12	100.073735295417000E-6
303.000000000000060E+0	77.037239020153572E-12	101.891222941308530E-6
304.000000000000060E+0	88.842765229615412E-12	88.424029154479889E-6
305.000000000000060E+0	87.235700561462592E-12	103.064302314907930E-6
306.000000000000060E+0	106.664336990832200E-12	118.426491941174350E-6
307.000000000000060E+0	166.425580945262160E-12	89.842021367651651E-6
308.000000000000060E+0	159.427783554095730E-12	109.524485495984050E-6
309.000000000000060E+0	62.036471157572451E-12	121.986573980293180E-6
310.000000000000060E+0	27.252681301208889E-12	106.680504247436690E-6
311.000000000000060E+0	34.273117219242726E-12	116.112655013112640E-6
312.000000000000060E+0	54.628017782804307E-12	124.626816555951760E-6
313.000000000000060E+0	116.096930784112230E-12	133.219291539940210E-6
314.000000000000060E+0	56.372450255039920E-12	120.976613771417680E-6
315.000000000000060E+0	24.457253489828754E-12	136.359250319289050E-6
316.000000000000060E+0	30.707169238668810E-12	154.840676266492240E-6
317.000000000000060E+0	7.941031467880094E-12	128.116490406006550E-6
318.000000000000060E+0	24.854511968033124E-12	152.282628341099720E-6
319.000000000000060E+0	38.233709569278114E-12	161.018344677556540E-6
320.000000000000060E+0	58.263721613048571E-12	148.233684274448440E-6
321.000000000000060E+0	36.665568102041241E-12	161.119487481911680E-6
322.000000000000060E+0	63.742064018679826E-12	168.973965609841650E-6
323.000000000000060E+0	16.487334048847072E-12	175.790412572861230E-6
324.000000000000060E+0	1.935735189969494E-12	161.039230358181970E-6
325.000000000000060E+0	31.097137180948909E-12	191.003364063002860E-6
326.000000000000060E+0	142.021815978154190E-12	186.961958573620330E-6
327.000000000000060E+0	66.365740072314025E-12	177.359626403825600E-6
328.000000000000060E+0	11.196519882473673E-12	208.816186055348690E-6
329.000000000000060E+0	55.896825505120418E-12	195.329597959901430E-6
330.000000000000060E+0	82.461136965700538E-12	202.424935960423350E-6
331.000000000000060E+0	37.304064516286534E-12	206.645881260212300E-6
332.000000000000060E+0	17.689890763398961E-12	220.698303188933210E-6
333.000000000000060E+0	123.873332670199590E-12	209.449020330520040E-6
334.000000000000060E+0	220.756294235418900E-12	221.927950483996510E-6
335.000000000000060E+0	15.407715712223921E-12	238.073975115939140E-6
336.000000000000060E+0	30.573054054875966E-12	214.476226767046420E-6
337.000000000000060E+0	205.455295311625810E-12	243.700671480412900E-6
338.000000000000060E+0	476.141844707270210E-12	236.274728984850400E-6
339.000000000000060E+0	262.198509692851460E-12	240.350227800611990E-6
340.000000000000060E+0	17.083968310695404E-12	243.607702444592610E-6
341.000000000000060E+0	36.258393394592464E-12	254.529895367166720E-6
342.000000000000060E+0	20.813008427881630E-12	246.219284803126880E-6
343.000000000000060E+0	46.062363928117237E-12	249.718292452679490E-6
344.000000000000060E+0	79.824393315457112E-12	266.869995194608620E-6
345.000000000000060E+0	33.814395561100172E-12	245.899138528609750E-6
346.000000000000060E+0	4.335285849400940E-12	269.944174536686250E-6
347.000000000000060E+0	87.658925537808475E-12	260.822891217918710E-6
348.000000000000060E+0	147.526296373405940E-12	265.343056739160320E-6
349.000000000000060E+0	50.182786266386279E-12	265.135041468688940E-6
350.000000000000060E+0	19.867151143944899E-12	274.324634956135300E-6
351.000000000000060E+0	61.988334092515529E-12	264.162973753215830E-6
352.000000000000060E+0	3.993017148499090E-12	273.253637800140390E-6
353.000000000000060E+0	41.563692885110942E-12	277.449001543735980E-6
354.000000000000060E+0	12.780643992749174E-12	266.603617012783880E-6
355.000000000000060E+0	31.992866310467590E-12	283.106178561937410E-6
356.000000000000060E+0	95.230437803714226E-12	271.126034343339270E-6
357.000000000000060E+0	20.515092300221615E-12	279.434411756148930E-6
358.000000000000060E+0	79.049471654632688E-12	272.193641190874270E-6
359.000000000000060E+0	63.400106597054667E-12	285.337423909886720E-6
360.000000000000060E+0	20.530032364143868E-12	269.377735221280730E-6
361.000000000000060E+0	21.108122371359547E-12	286.549783852218140E-6
362.000000000000060E+0	19.585463180070549E-12	272.911057076426080E-6
363.000000000000060E+0	37.615301955117261E-12	279.882710877187370E-6
364.000000000000060E+0	119.291234263394220E-12	277.184868043703090E-6
365.000000000000060E+0	254.617346889488870E-12	278.604999403007020E-6
366.000000000000060E+0	35.625233207874745E-12	275.551864615215600E-6
367.000000000000060E+0	71.073557836627491E-12	276.507465335405790E-6
368.000000000000060E+0	4.664061315805262E-12	274.515043556147860E-6
369.000000000000060E+0	51.686701396509569E-12	270.101464176802920E-6
370.000000000000060E+0	39.101967443345703E-12	275.651277332910130E-6
371.000000000000060E+0	8.340333697838306E-12	266.220625850568210E-6
372.000000000000060E+0	81.839157057327943E-12	271.584330610602430E-6
373.000000000000060E+0	78.643359373856330E-12	265.267898574919680E-6
374.000000000000060E+0	2.189442269016417E-12	267.319036411565240E-6
375.000000000000060E+0	29.081979159362768E-12	258.212315907755480E-6
376.000000000000060E+0	29.410101260970073E-12	266.335738295907510E-6
377.000000000000060E+0	29.264406297289857E-12	250.919667474777710E-6
378.000000000000060E+0	12.736132958277368E-12	261.392964913940140E-6
379.000000000000060E+0	3.872259699224950E-12	249.028892068867390E-6
380.000000000000060E+0	127.454413207680740E-12	253.728917325059330E-6
381.000000000000060E+0	103.195308087630150E-12	246.818285300123090E-6
382.000000000000060E+0	35.272212331099340E-12	249.691380537368780E-6
383.000000000000060E+0	3.851296423348385E-12	237.615375873390300E-6
384.000000000000060E+0	69.915484908881558E-12	248.187379959839440E-6
385.000000000000060E+0	40.076575511494640E-12	231.276708652900370E-6
386.000000000000060E+0	2.876764437514730E-12	240.087618194899510E-6
387.000000000000060E+0	50.690958336225162E-12	229.291224158757160E-6
388.000000000000060E+0	8.959099042309512E-12	231.000631883121190E-6
389.000000000000060E+0	74.811217163055338E-12	223.276345379152400E-6
390.000000000000060E+0	87.268859470121994E-12	226.815350912999750E-6
391.000000000000060E+0	71.455133053172752E-12	212.439045642639360E-6
392.000000000000060E+0	2.504923601993331E-12	222.922712399416770E-6
393.000000000000060E+0	44.842305740920386E-12	206.044722960896610E-6
394.000000000000060E+0	46.165550500955989E-12	214.068681419078700E-6
395.000000000000060E+0	61.304695300962157E-12	203.653355270097120E-6
396.000000000000060E+0	96.793322384312249E-12	200.437291501849520E-6
397.000000000000060E+0	112.319041794346000E-12	201.688620789302750E-6
398.000000000000060E+0	65.475522232038059E-12	193.774227048860690E-6
399.000000000000060E+0	57.442462555310815E-12	191.386482401903780E-6
400.000000000000060E+0	28.971177670960218E-12	191.320969958210980E-6
401.000000000000060E+0	12.689616155286511E-12	180.087311609048130E-6
402.000000000000060E+0	23.780564161645102E-12	183.606741249238480E-6
403.000000000000060E+0	73.542008342088602E-12	176.846283440882860E-6
404.000000000000060E+0	97.654658285410315E-12	170.467773703369680E-6
405.000000000000060E+0	242.817237453345040E-12	176.104273694250700E-6
406.000000000000060E+0	252.438964370346290E-12	155.437506878399410E-6
407.000000000000060E+0	22.287721755084663E-12	172.940831191899550E-6
408.000000000000060E+0	77.704973053692418E-12	150.640364530728090E-6
409.000000000000060E+0	129.893676984623180E-12	160.254680824867730E-6
410.000000000000060E+0	100.428813969302790E-12	151.170840774956230E-6
411.000000000000060E+0	144.350061567190720E-12	145.737833235996240E-6
412.000000000000060E+0	99.519473357732992E-12	145.788303967135800E-6
413.000000000000060E+0	140.091679998992280E-12	140.199599423049750E-6
414.000000000000060E+0	157.271366150252820E-12	136.507733204387460E-6
415.000000000000060E+0	14.718056705613230E-12	136.980337907543150E-6
416.000000000000060E+0	62.943411037833731E-12	124.850449812078260E-6
417.000000000000060E+0	46.728502417678062E-12	128.916538363673840E-6
418.000000000000060E+0	48.970361032565676E-12	122.498659197769310E-6
419.000000000000060E+0	34.146786148945533E-12	116.853833160245400E-6
420.000000000000060E+0	38.863987333140817E-12	123.202994166429890E-6
421.000000000000060E+0	12.743761474953423E-12	104.942072153439320E-6
422.000000000000060E+0	62.713490112092596E-12	118.693063303787220E-6
423.000000000000060E+0	62.455350340920086E-12	97.320442320984862E-6
424.000000000000060E+0	51.167260398653826E-12	107.606173680587040E-6
425.000000000000060E+0	2.538744380477725E-12	98.365511351336719E-6
426.000000000000060E+0	13.556620527173859E-12	93.532641097998173E-6
427.000000000000060E+0	20.057001383002958E-12	100.922339700927420E-6
428.000000000000060E+0	11.998209790359471E-12	81.292140057105962E-6
429.000000000000060E+0	20.826230219004781E-12	96.911112847393235E-6
430.000000000000060E+0	50.182024823477984E-12	75.782223715298335E-6
431.000000000000060E+0	77.193025811436188E-12	86.490646799814480E-6
432.000000000000060E+0	3.009636669609827E-12	76.718877795010690E-6
433.000000000000060E+0	24.679830220563113E-12	73.836168278346514E-6
434.000000000000060E+0	21.006622017812332E-12	79.898331459667222E-6
435.000000000000060E+0	18.965599184198223E-12	61.628122780913326E-6
436.000000000000060E+0	13.091632817117747E-12	77.304143864044339E-6
437.000000000000060E+0	7.292915699415396E-12	56.960385643572608E-6
438.000000000000060E+0	6.692974584725812E-12	66.341513405268488E-6
439.000000000000060E+0	12.195196663463407E-12	59.009614201553228E-6
440.000000000000060E+0	27.180500984463382E-12	55.237890208298915E-6
441.000000000000060E+0	13.643377328859274E-12	61.096804344124833E-6
442.000000000000060E+0	85.030330091463880E-12	45.925560154967859E-6
443.000000000000060E+0	99.890563004169648E-12	59.967320057201320E-6
444.000000000000060E+0	43.343342141475827E-12	41.075047766450980E-6
445.000000000000060E+0	72.004796557920088E-12	50.394801123284890E-6
446.000000000000060E+0	130.418994086545320E-12	42.964801488990164E-6
447.000000000000060E+0	145.573675294326320E-12	39.621291770283612E-6
448.000000000000060E+0	102.208502843573950E-12	45.095041128580557E-6
449.000000000000060E+0	1.940257654946150E-12	32.628627836568589E-6
450.000000000000060E+0	74.962108772865407E-12	43.261113704142088E-6
451.000000000000060E+0	102.147050345403370E-12	30.870131464337288E-6
452.000000000000060E+0	9.727560397604846E-12	35.850566323576255E-6
453.000000000000060E+0	52.100530936685440E-12	30.836109280675120E-6
454.000000000000060E+0	25.719881817932593E-12	29.111896033732010E-6
455.000000000000060E+0	96.494389128764415E-12	28.466884353980750E-6
456.000000000000060E+0	54.963444426522294E-12	26.028151701328957E-6
457.000000000000060E+0	3.975449737779763E-12	25.190712405580916E-6
458.000000000000060E+0	50.867166930418033E-12	24.092584510666779E-6
459.000000000000060E+0	3.746870818335683E-12	21.844374872270703E-6
460.000000000000060E+0	99.179775764038226E-12	20.742254935329749E-6
461.000000000000060E+0	111.726925686853570E-12	23.243603344573989E-6
462.000000000000060E+0	127.568662397110380E-12	14.622535096608699E-6
463.000000000000060E+0	87.494080326193236E-12	23.641140651644550E-6
464.000000000000060E+0	13.135968353187332E-12	12.671414747188104E-6
465.000000000000060E+0	115.054867316316700E-12	18.317066889137744E-6
466.000000000000060E+0	187.882386533169340E-12	13.413956095322534E-6
467.000000000000060E+0	43.451642065087308E-12	12.106330941754124E-6
468.000000000000060E+0	13.645580449294592E-12	14.845939995026477E-6
469.000000000000060E+0	12.766450684022326E-12	9.372913800202771E-6
470.000000000000060E+0	12.495495792772470E-12	11.996699238888374E-6
471.000000000000060E+0	82.023852092326829E-12	9.612192819313844E-6
472.000000000000060E+0	50.713383051036695E-12	9.243424143794959E-6
473.000000000000060E+0	6.997592736545775E-12	7.849057476365036E-6
474.000000000000060E+0	4.982607404441190E-12	9.670279363712284E-6
475.000000000000060E+0	24.406604146643122E-12	4.974389563733563E-6
476.000000000000060E+0	127.067199893681740E-12	11.191784409636886E-6
477.000000000000060E+0	10.098404132858561E-12	3.737809788485485E-6
478.000000000000060E+0	77.706037000482752E-12	7.506394326055779E-6
479.000000000000060E+0	95.199572872809126E-12	5.338643395475761E-6
480.000000000000060E+0	14.653452454261124E-12	5.043280359535327E-6
481.000000000000060E+0	86.924556094773173E-12	4.832172843833574E-6
482.000000000000060E+0	102.555738533126640E-12	4.976401637425687E-6
483.000000000000060E+0	89.951875634057682E-12	2.849879579511778E-6
484.000000000000060E+0	112.077375586010750E-12	4.867008469021490E-6
485.000000000000060E+0	102.137082921933690E-12	2.349965614880372E-6
486.000000000000060E+0	5.311816087078350E-12	1.779472768697082E-6
487.000000000000060E+0	27.423624541724883E-12	3.606154951089086E-6
488.000000000000060E+0	15.598430943924320E-12	1.235706246259291E-6
489.000000000000060E+0	11.115754408620852E-12	2.427574607954399E-6
490.000000000000060E+0	40.781429748899682E-12	1.615525025964624E-6
491.000000000000060E+0	6.319438469334685E-12	964.086243946659030E-9
492.000000000000060E+0	50.834787559131860E-12	736.603695188911880E-9
493.000000000000060E+0	20.734112824872692E-12	1.796763307785852E-6
494.000000000000060E+0	16.436012689945124E-12	48.333480036694216E-9
495.000000000000060E+0	8.079129293177973E-12	1.771434913070664E-6
496.000000000000060E+0	34.689668756237210E-12	273.115704653587230E-9
497.000000000000060E+0	29.088784553944492E-12	618.514251912947580E-9
498.000000000000060E+0	90.583072618258017E-12	307.108877988313020E-9
499.000000000000060E+0	305.151156733884100E-12	655.251597190968940E-9
500.000000000000060E+0	243.191572368279440E-12	154.431712925003740E-9
