Freq (Hz)	micro/hp_Mod	micro/hp_Phase(rad)
49.000000000000007E+0	233.598943736638980E-3	-14.999478468848281E+0
50.000000000000007E+0	170.037883001315450E-3	-13.009639915960468E+0
51.000000000000007E+0	116.256006562053820E-3	-12.481343206198597E+0
52.000000000000007E+0	209.263308342628990E-3	-9.784907310033171E+0
53.000000000000007E+0	380.578143838680050E-3	-12.548670921278909E+0
54.000000000000007E+0	339.660830271345470E-3	-15.195453823737273E+0
55.000000000000007E+0	249.075674549374350E-3	-17.853492577751954E+0
56.000000000000007E+0	169.123844820513540E-3	-20.675163641211874E+0
57.000000000000007E+0	49.929785148345458E-3	-23.602564035115073E+0
58.000000000000007E+0	41.839343727829124E-3	-22.116252631331982E+0
59.000000000000007E+0	45.028269117566279E-3	-24.341129473880422E+0
60.000000000000007E+0	23.878541634449229E-3	-26.286530387383170E+0
61.000000000000007E+0	54.461648007177253E-3	-24.947837792799156E+0
62.000000000000007E+0	110.901654719640950E-3	-27.389037716156313E+0
63.000000000000007E+0	78.046097400283204E-3	-29.302508823921020E+0
64.000000000000014E+0	79.328799666551847E-3	-30.618375920320503E+0
65.000000000000014E+0	69.265411594861812E-3	-32.818481847227744E+0
66.000000000000014E+0	34.225238520782714E-3	-35.742234750987976E+0
67.000000000000014E+0	29.068654383786426E-3	-37.909044533589920E+0
68.000000000000014E+0	52.682147506540156E-3	-39.696129693838280E+0
69.000000000000014E+0	38.032176283817470E-3	-41.877985356721091E+0
70.000000000000014E+0	16.029168181046497E-3	-43.757564396426929E+0
71.000000000000014E+0	4.717201545912783E-3	-44.932954635026775E+0
72.000000000000014E+0	15.815794127607904E-3	-46.082554996052821E+0
73.000000000000014E+0	9.665317424575244E-3	-42.949872957511246E+0
74.000000000000014E+0	12.609626852017363E-3	-40.045282320294973E+0
75.000000000000014E+0	14.326695065720318E-3	-41.980238650722470E+0
76.000000000000014E+0	7.666884938711862E-3	-42.697241814629415E+0
77.000000000000014E+0	7.222760671749284E-3	-44.945706368908340E+0
78.000000000000014E+0	18.991891177232476E-3	-43.256493702752223E+0
79.000000000000014E+0	21.433826838285545E-3	-46.059752400886694E+0
80.000000000000014E+0	9.786470784182126E-3	-49.149721852870925E+0
81.000000000000014E+0	12.084656610185866E-3	-46.468710555668011E+0
82.000000000000014E+0	15.198597335670742E-3	-49.002616397928470E+0
83.000000000000014E+0	9.643152500555040E-3	-50.337459628207256E+0
84.000000000000014E+0	8.177959802336886E-3	-51.744850296947504E+0
85.000000000000014E+0	7.800064295744722E-3	-49.904325460956812E+0
86.000000000000014E+0	20.975449525420003E-3	-52.254210831347827E+0
87.000000000000014E+0	15.835718467581805E-3	-54.584014178185690E+0
88.000000000000014E+0	12.492917950889115E-3	-57.138743168524641E+0
89.000000000000014E+0	12.445429335932982E-3	-59.392429507167563E+0
90.000000000000014E+0	7.101288380722712E-3	-60.710046256127647E+0
91.000000000000014E+0	3.325051031328165E-3	-62.488195556270753E+0
92.000000000000014E+0	6.363675811307260E-3	-60.826953962730215E+0
93.000000000000014E+0	6.588800974382033E-3	-63.125176006962285E+0
94.000000000000014E+0	1.674891599372409E-3	-60.851591279173398E+0
95.000000000000014E+0	4.680551155580847E-3	-63.351974637486080E+0
96.000000000000014E+0	6.032756371169370E-3	-63.645521670545705E+0
97.000000000000014E+0	5.860084285330131E-3	-65.194577319618261E+0
98.000000000000014E+0	3.764015712144973E-3	-63.904687689159743E+0
99.000000000000014E+0	18.657185710195673E-3	-64.708285552646600E+0
100.000000000000010E+0	33.179103068679321E-3	-66.522509959180354E+0
101.000000000000010E+0	17.177229436627802E-3	-68.364572434209577E+0
102.000000000000010E+0	6.306256659462476E-3	-68.814933908592664E+0
103.000000000000010E+0	7.974131088688031E-3	-69.616260256246718E+0
104.000000000000010E+0	9.709855919567122E-3	-71.202580189511252E+0
105.000000000000010E+0	5.626874539465248E-3	-73.142145321406062E+0
106.000000000000010E+0	3.520511461647583E-3	-75.125641492569784E+0
107.000000000000010E+0	3.289951609245904E-3	-77.128878052810535E+0
108.000000000000010E+0	558.907725498972510E-6	-79.284727914907521E+0
109.000000000000010E+0	2.987280510197119E-3	-77.933622103422039E+0
110.000000000000010E+0	3.131329910231418E-3	-79.960447664936410E+0
111.000000000000010E+0	2.077425975947003E-3	-82.019782793195901E+0
112.000000000000010E+0	3.475933189196589E-3	-83.336814924989724E+0
113.000000000000010E+0	12.576532160696119E-3	-84.499446576932328E+0
114.000000000000010E+0	14.436755146996487E-3	-86.216617478334498E+0
115.000000000000010E+0	4.385705827463197E-3	-87.120193765180744E+0
116.000000000000010E+0	7.277407114044857E-3	-87.808928296934241E+0
117.000000000000010E+0	3.978622742097385E-3	-89.877971475108580E+0
118.000000000000010E+0	3.047567224760676E-3	-92.762080672707810E+0
119.000000000000010E+0	3.301317093037137E-3	-93.826393602948158E+0
120.000000000000010E+0	4.286165544445862E-3	-94.487946191808348E+0
121.000000000000010E+0	1.676851482577521E-3	-96.160288977249522E+0
122.000000000000010E+0	3.059717699945203E-3	-94.308165983817645E+0
123.000000000000010E+0	3.722798920649743E-3	-96.590370286254938E+0
124.000000000000010E+0	2.121419175271945E-3	-98.729490352752776E+0
125.000000000000010E+0	1.320850985961631E-3	-100.186015928140150E+0
126.000000000000010E+0	2.134107554453102E-3	-102.541689362945590E+0
127.000000000000010E+0	2.295460768249285E-3	-104.601848313738460E+0
128.000000000000030E+0	1.270676850834670E-3	-106.385157603923010E+0
129.000000000000030E+0	893.842987244985030E-6	-108.649203030311280E+0
130.000000000000030E+0	1.309825065468491E-3	-110.969446266224750E+0
131.000000000000030E+0	1.450467397609277E-3	-112.932463300307090E+0
132.000000000000030E+0	1.322116600181315E-3	-114.754171781294940E+0
133.000000000000030E+0	1.133357650259926E-3	-116.272592162923100E+0
134.000000000000030E+0	1.000562902199360E-3	-118.170369275178060E+0
135.000000000000030E+0	640.057574686228590E-6	-120.142020542022070E+0
136.000000000000030E+0	337.745150730902180E-6	-119.054259536348600E+0
137.000000000000030E+0	1.426034358243830E-3	-119.947259385820790E+0
138.000000000000030E+0	2.152562124037432E-3	-121.276018729801620E+0
139.000000000000030E+0	1.479048516975189E-3	-122.490215053905270E+0
140.000000000000030E+0	715.107061523801660E-6	-123.075506165464630E+0
141.000000000000030E+0	654.152594967488650E-6	-123.818637903978870E+0
142.000000000000030E+0	738.821078685177700E-6	-125.780161201982040E+0
143.000000000000030E+0	471.226708399823820E-6	-128.297917211425100E+0
144.000000000000030E+0	733.362670100299130E-6	-131.168337342293990E+0
145.000000000000030E+0	891.233183293989430E-6	-132.685746634808340E+0
146.000000000000030E+0	1.114218266912839E-3	-134.253304180712290E+0
147.000000000000030E+0	996.183468892117940E-6	-135.936872587055940E+0
148.000000000000030E+0	481.639331321621090E-6	-137.799844723792920E+0
149.000000000000030E+0	1.171449020007795E-3	-140.103957625619300E+0
150.000000000000030E+0	1.727836838329799E-3	-141.558929245870220E+0
151.000000000000030E+0	958.887943661684230E-6	-142.840090686470180E+0
152.000000000000030E+0	424.938512131055200E-6	-144.594143045178810E+0
153.000000000000030E+0	312.402032295403580E-6	-147.232744996092980E+0
154.000000000000030E+0	140.143247010439980E-6	-145.043746369916850E+0
155.000000000000030E+0	233.215679362287610E-6	-147.710015716457290E+0
156.000000000000030E+0	497.351975202659340E-6	-145.172917400610860E+0
157.000000000000030E+0	756.060626456063260E-6	-146.637640925978390E+0
158.000000000000030E+0	261.039918285658850E-6	-147.197084233315850E+0
159.000000000000030E+0	367.768133958424090E-6	-146.202797461434560E+0
160.000000000000030E+0	526.926653369582220E-6	-146.282454602503890E+0
161.000000000000030E+0	175.881411726717710E-6	-146.678143639466360E+0
162.000000000000030E+0	454.227855486699840E-6	-145.888090752945830E+0
163.000000000000030E+0	304.284051240828570E-6	-148.002583992612270E+0
164.000000000000030E+0	221.318574440112770E-6	-145.047344574685240E+0
165.000000000000030E+0	405.396623246722170E-6	-147.222704006498450E+0
166.000000000000030E+0	196.470755406956330E-6	-148.788698126072690E+0
167.000000000000030E+0	134.710786764649080E-6	-146.268109810649040E+0
168.000000000000030E+0	180.552856542666980E-6	-148.498110038103760E+0
169.000000000000030E+0	279.309931361704220E-6	-150.408716350204260E+0
170.000000000000030E+0	221.375887644691230E-6	-151.907851840950540E+0
171.000000000000030E+0	139.324349521906990E-6	-154.438980311907580E+0
172.000000000000030E+0	44.295387168818383E-6	-154.126003794801680E+0
173.000000000000030E+0	323.423172861769910E-6	-154.298972047066170E+0
174.000000000000030E+0	236.789623172136040E-6	-155.370549912329640E+0
175.000000000000030E+0	77.945149307749012E-6	-152.536015769110010E+0
176.000000000000030E+0	193.772152895460010E-6	-153.432394741098450E+0
177.000000000000030E+0	244.606094399484510E-6	-153.860679268574980E+0
178.000000000000030E+0	135.500132620330750E-6	-154.791700035537930E+0
179.000000000000030E+0	27.185562670873756E-6	-152.404708241464220E+0
180.000000000000030E+0	179.910138086940050E-6	-153.177975874892240E+0
181.000000000000030E+0	321.066716963351000E-6	-153.904037372607520E+0
182.000000000000030E+0	303.949443561526130E-6	-154.318868525132870E+0
183.000000000000030E+0	254.533547947987800E-6	-154.533944412072800E+0
184.000000000000030E+0	220.522543660296730E-6	-154.596460626986360E+0
185.000000000000030E+0	106.438983863374030E-6	-155.108739806380190E+0
186.000000000000030E+0	165.849154096870550E-6	-152.879344332563310E+0
187.000000000000030E+0	208.373540827062120E-6	-154.057879675214620E+0
188.000000000000030E+0	195.680022003098670E-6	-155.803836413349220E+0
189.000000000000030E+0	394.501292362899900E-6	-156.750111953737420E+0
190.000000000000030E+0	426.612024661023540E-6	-157.690739719021540E+0
191.000000000000030E+0	256.875672357607470E-6	-158.070820455313170E+0
192.000000000000030E+0	293.364327546386670E-6	-158.599213406058250E+0
193.000000000000030E+0	203.949210702006230E-6	-159.443579456921840E+0
194.000000000000030E+0	252.955531517304800E-6	-159.570870275163320E+0
195.000000000000030E+0	195.024722270913320E-6	-160.332239689039370E+0
196.000000000000030E+0	91.751528907657563E-6	-163.077717990275370E+0
197.000000000000030E+0	202.902040887932180E-6	-164.025020448234100E+0
198.000000000000030E+0	78.786374652233188E-6	-164.604789601542880E+0
199.000000000000030E+0	142.821993287963850E-6	-162.573065689363060E+0
200.000000000000030E+0	129.378295160510160E-6	-164.030593911406070E+0
201.000000000000030E+0	211.436067920158170E-6	-166.480780984692020E+0
202.000000000000030E+0	216.424431501728070E-6	-167.850075757327150E+0
203.000000000000030E+0	259.883501621847930E-6	-169.345788667548330E+0
204.000000000000030E+0	253.576969923892760E-6	-170.191595060702870E+0
205.000000000000030E+0	238.227133750693820E-6	-169.434542355047110E+0
206.000000000000030E+0	552.669401292003520E-6	-170.029013187951820E+0
207.000000000000030E+0	435.564788478479710E-6	-170.969092100614490E+0
208.000000000000030E+0	223.720341307920630E-6	-172.167863455971710E+0
209.000000000000030E+0	276.831214666957940E-6	-173.122674249634310E+0
210.000000000000030E+0	354.444403261204630E-6	-173.809706718860920E+0
211.000000000000030E+0	226.906962472472430E-6	-174.463146068462440E+0
212.000000000000030E+0	103.162727484791440E-6	-177.229183324646270E+0
213.000000000000030E+0	553.220866570981200E-6	-177.867323043984900E+0
214.000000000000030E+0	627.291538615629290E-6	-178.510746996108420E+0
215.000000000000030E+0	330.077673115035840E-6	-179.103373240182550E+0
216.000000000000030E+0	320.835096115962360E-6	-179.281890407118110E+0
217.000000000000030E+0	286.594122061813500E-6	-179.502516064897430E+0
218.000000000000030E+0	182.551523187829030E-6	-179.233329885685830E+0
219.000000000000030E+0	215.869734529087450E-6	-178.835532989823830E+0
220.000000000000030E+0	166.690943123892290E-6	-178.937025253861120E+0
221.000000000000030E+0	180.668096896834640E-6	-178.283158627252650E+0
222.000000000000030E+0	319.042828673146610E-6	-178.849562857228310E+0
223.000000000000030E+0	185.105499209332050E-6	-180.020437492343830E+0
224.000000000000030E+0	291.343441054102370E-6	-181.248869335488000E+0
225.000000000000030E+0	381.605694690938320E-6	-181.327453013984320E+0
226.000000000000030E+0	305.241694642104890E-6	-181.160460442006780E+0
227.000000000000030E+0	135.848880502597310E-6	-181.304134306369060E+0
228.000000000000030E+0	212.736318975719960E-6	-184.426357735720130E+0
229.000000000000030E+0	133.176759039664200E-6	-184.920939128930200E+0
230.000000000000030E+0	332.940605187361590E-6	-182.293849824749490E+0
231.000000000000030E+0	304.714453396740920E-6	-182.559368166342490E+0
232.000000000000030E+0	131.882794411371320E-6	-181.951663607911680E+0
233.000000000000030E+0	120.190419084777000E-6	-182.220380484259830E+0
234.000000000000030E+0	57.556018969750944E-6	-182.934221375921510E+0
235.000000000000030E+0	173.518952619907570E-6	-184.564601086866450E+0
236.000000000000030E+0	337.280765122449150E-6	-185.317677467638650E+0
237.000000000000030E+0	302.286352322955400E-6	-185.879853354819260E+0
238.000000000000030E+0	213.854246303747660E-6	-185.335460058059740E+0
239.000000000000030E+0	218.116770153913620E-6	-184.814869082530610E+0
240.000000000000030E+0	329.314505476743940E-6	-184.585408122090060E+0
241.000000000000030E+0	430.912459657052200E-6	-184.903184619320000E+0
242.000000000000030E+0	270.617440768800540E-6	-185.270189917561340E+0
243.000000000000030E+0	282.969943734434890E-6	-186.250049002412770E+0
244.000000000000030E+0	417.575239488760470E-6	-186.538734108227230E+0
245.000000000000030E+0	310.581848232030010E-6	-186.095824194006010E+0
246.000000000000030E+0	363.554178258062970E-6	-184.592004275995120E+0
247.000000000000030E+0	407.267731660557930E-6	-184.156357802370340E+0
248.000000000000030E+0	28.587144085488545E-6	-183.431711170904410E+0
249.000000000000030E+0	175.898024255097860E-6	-181.665388604454760E+0
250.000000000000030E+0	490.702705751142290E-6	-182.633448066135660E+0
251.000000000000030E+0	620.396247217370650E-6	-182.674939723561320E+0
252.000000000000030E+0	255.765800808688920E-6	-181.765206728507790E+0
253.000000000000030E+0	394.432794915010880E-6	-180.733866940658400E+0
254.000000000000030E+0	383.648829731994640E-6	-181.517539429780640E+0
255.000000000000030E+0	456.122361015074170E-6	-182.339014391237040E+0
256.000000000000060E+0	308.518487819529590E-6	-182.322379986617930E+0
257.000000000000060E+0	190.454799986148830E-6	-185.379155674796580E+0
258.000000000000060E+0	573.066518713390500E-6	-185.778433205463130E+0
259.000000000000060E+0	662.338628596309500E-6	-186.724806020800740E+0
260.000000000000060E+0	547.793334811787860E-6	-187.178788797571400E+0
261.000000000000060E+0	205.132090500568400E-6	-187.938999490481790E+0
262.000000000000060E+0	449.342653194604020E-6	-188.715396567760560E+0
263.000000000000060E+0	345.861231512396750E-6	-188.929333093846200E+0
264.000000000000060E+0	331.921536330302380E-6	-190.766426372990650E+0
265.000000000000060E+0	719.604830245391740E-6	-190.887256068345750E+0
266.000000000000060E+0	505.389009923807730E-6	-190.901286269929950E+0
267.000000000000060E+0	567.971974304220980E-6	-188.523858190760730E+0
268.000000000000060E+0	1.143770049682560E-3	-188.587203205434970E+0
269.000000000000060E+0	628.346179242494870E-6	-188.957201470393930E+0
270.000000000000060E+0	165.551991823068280E-6	-191.527414031662540E+0
271.000000000000060E+0	208.078016168419440E-6	-191.822886606166830E+0
272.000000000000060E+0	590.980804598041900E-6	-190.179942754474500E+0
273.000000000000060E+0	527.349290394444800E-6	-190.075235490272400E+0
274.000000000000060E+0	158.407590185167100E-6	-189.644506177450720E+0
275.000000000000060E+0	166.652220377960660E-6	-189.446336622115180E+0
276.000000000000060E+0	625.770782784658700E-6	-187.540627020040920E+0
277.000000000000060E+0	1.050221744238829E-3	-187.265395624273110E+0
278.000000000000060E+0	318.901955907276960E-6	-187.133367316958240E+0
279.000000000000060E+0	448.698184962285700E-6	-188.779278402787300E+0
280.000000000000060E+0	412.045091141879950E-6	-186.904726572774790E+0
281.000000000000060E+0	953.509182825614630E-6	-186.606730269989610E+0
282.000000000000060E+0	876.492805425909980E-6	-187.413925980539660E+0
283.000000000000060E+0	779.949443523991560E-6	-188.396196802804180E+0
284.000000000000060E+0	731.755429248865890E-6	-189.195199885072550E+0
285.000000000000060E+0	62.742349741520457E-6	-190.765076008560240E+0
286.000000000000060E+0	754.634853831524270E-6	-192.840418129580480E+0
287.000000000000060E+0	588.838601548475690E-6	-194.262022225754260E+0
288.000000000000060E+0	832.133539087785570E-6	-195.485081681469950E+0
289.000000000000060E+0	1.231645983809186E-3	-195.337085127699620E+0
290.000000000000060E+0	1.472682445861135E-3	-194.350229269239460E+0
291.000000000000060E+0	498.301953538362780E-6	-191.529851678107660E+0
292.000000000000060E+0	3.308527345434088E-3	-190.151376537186650E+0
293.000000000000060E+0	2.880322808763688E-3	-189.446565384383230E+0
294.000000000000060E+0	982.449603962127960E-6	-192.056496172273340E+0
295.000000000000060E+0	1.120333581700248E-3	-191.067527949655750E+0
296.000000000000060E+0	2.229075000499914E-3	-188.696763538712700E+0
297.000000000000060E+0	1.475496257675389E-3	-191.624938118703140E+0
298.000000000000060E+0	4.200757086740101E-3	-191.027390278217210E+0
299.000000000000060E+0	3.560341207326151E-3	-190.461609549878090E+0
300.000000000000060E+0	2.498299387632014E-3	-190.105297575563980E+0
301.000000000000060E+0	2.667652697595576E-3	-189.938592313426880E+0
302.000000000000060E+0	4.107967403290183E-3	-190.397666104940410E+0
303.000000000000060E+0	5.906467026845562E-3	-190.460590700591920E+0
304.000000000000060E+0	3.656161858069255E-3	-190.588441851634310E+0
305.000000000000060E+0	5.370455386569292E-3	-190.960979950253320E+0
306.000000000000060E+0	12.995911738482573E-3	-191.372273459607160E+0
307.000000000000060E+0	10.981621797073671E-3	-190.708197794198040E+0
308.000000000000060E+0	15.129658178768593E-3	-191.663907023486980E+0
309.000000000000060E+0	11.919970717133837E-3	-191.767565814030180E+0
310.000000000000060E+0	30.423309413589440E-3	-190.820102007864590E+0
311.000000000000060E+0	25.692326491862330E-3	-189.517933534163120E+0
312.000000000000060E+0	8.147257823920385E-3	-189.598610530955880E+0
313.000000000000060E+0	9.721937272645288E-3	-189.660966942817620E+0
314.000000000000060E+0	12.376941418407332E-3	-189.428078255385000E+0
315.000000000000060E+0	12.307595645808371E-3	-188.363775095498200E+0
316.000000000000060E+0	6.997452289046768E-3	-187.453803694246890E+0
317.000000000000060E+0	5.080911975880704E-3	-186.260192346173650E+0
318.000000000000060E+0	2.800245349628629E-3	-184.942626755674330E+0
319.000000000000060E+0	2.038905046293714E-3	-186.128517202126860E+0
320.000000000000060E+0	1.396161852476942E-3	-186.295976917099320E+0
321.000000000000060E+0	1.432652679439734E-3	-187.742907864019880E+0
322.000000000000060E+0	1.160290875207951E-3	-187.254834557918630E+0
323.000000000000060E+0	784.768411434320780E-6	-190.235208924927890E+0
324.000000000000060E+0	1.833296416997020E-3	-188.986328026627060E+0
325.000000000000060E+0	1.222903474929839E-3	-186.818218319298320E+0
326.000000000000060E+0	2.007246568081220E-3	-184.593126261459470E+0
327.000000000000060E+0	3.094099084213779E-3	-183.368754893663980E+0
328.000000000000060E+0	1.351598306920040E-3	-182.477472905079710E+0
329.000000000000060E+0	813.725889106273040E-6	-182.526079756807150E+0
330.000000000000060E+0	1.165042405572561E-3	-182.528140890301130E+0
331.000000000000060E+0	1.580629212687616E-3	-182.791221244715980E+0
332.000000000000060E+0	1.718929518053532E-3	-182.115587371653080E+0
333.000000000000060E+0	1.611447200926959E-3	-181.656176710143030E+0
334.000000000000060E+0	1.450924975988890E-3	-181.150383506588530E+0
335.000000000000060E+0	789.975819741650260E-6	-182.362421249957950E+0
336.000000000000060E+0	1.653816522851444E-3	-181.889415161345680E+0
337.000000000000060E+0	1.224575266794541E-3	-180.429493933155330E+0
338.000000000000060E+0	1.280867457684591E-3	-179.142812130406130E+0
339.000000000000060E+0	1.116828354426190E-3	-177.004937510991110E+0
340.000000000000060E+0	1.538950775827687E-3	-176.009904600088620E+0
341.000000000000060E+0	1.594529565892605E-3	-176.431721449086860E+0
342.000000000000060E+0	2.029303610658167E-3	-176.132091888150370E+0
343.000000000000060E+0	970.652892092330150E-6	-173.943382616776150E+0
344.000000000000060E+0	2.206337796821338E-3	-172.277375102844930E+0
345.000000000000060E+0	1.721939242009741E-3	-171.079255161666510E+0
346.000000000000060E+0	913.334608827538430E-6	-169.746608716499620E+0
347.000000000000060E+0	753.402159836451600E-6	-169.537064633995070E+0
348.000000000000060E+0	767.920678234992100E-6	-168.629167099622290E+0
349.000000000000060E+0	1.130436575617424E-3	-166.876392612639420E+0
350.000000000000060E+0	1.549595322231927E-3	-165.616561723120040E+0
351.000000000000060E+0	1.277343726298689E-3	-165.072148715681780E+0
352.000000000000060E+0	681.632372857691060E-6	-164.429329479729430E+0
353.000000000000060E+0	715.873003100214540E-6	-167.162853476756960E+0
354.000000000000060E+0	817.907035617553170E-6	-165.356084836027460E+0
355.000000000000060E+0	829.882313125604650E-6	-162.692435916150290E+0
356.000000000000060E+0	1.132057836796094E-3	-160.986918888750410E+0
357.000000000000060E+0	990.843786729838540E-6	-159.732985247273230E+0
358.000000000000060E+0	434.264044345279470E-6	-158.291180568022010E+0
359.000000000000060E+0	265.523320570349220E-6	-155.535000593649160E+0
360.000000000000060E+0	1.394746953295365E-3	-154.032983612921920E+0
361.000000000000060E+0	1.545179444460782E-3	-152.906503634260390E+0
362.000000000000060E+0	433.210133559413920E-6	-153.686401128413650E+0
363.000000000000060E+0	896.605715379880200E-6	-153.032329645377160E+0
364.000000000000060E+0	335.864475681485690E-6	-154.511339569371840E+0
365.000000000000060E+0	1.374754834572738E-3	-153.374546781500900E+0
366.000000000000060E+0	1.485358164744693E-3	-152.303557509728730E+0
367.000000000000060E+0	1.260792606150877E-3	-150.767487250744950E+0
368.000000000000060E+0	820.864277206699040E-6	-148.294902383277100E+0
369.000000000000060E+0	916.511526761567700E-6	-145.714582498101860E+0
370.000000000000060E+0	500.192655746148240E-6	-142.844213171086100E+0
371.000000000000060E+0	1.191991866375224E-3	-140.696713582433940E+0
372.000000000000060E+0	1.123063126751978E-3	-139.609675228446800E+0
373.000000000000060E+0	559.106412583765080E-6	-139.398818253109540E+0
374.000000000000060E+0	1.294060886328656E-3	-139.324277510133730E+0
375.000000000000060E+0	1.802626295311527E-3	-137.868316310019280E+0
376.000000000000060E+0	1.748619521942976E-3	-136.093205116324670E+0
377.000000000000060E+0	1.228749175935995E-3	-134.344267742130310E+0
378.000000000000060E+0	638.395887024960900E-6	-132.315003127367280E+0
379.000000000000060E+0	503.149573418173230E-6	-130.104283455405010E+0
380.000000000000060E+0	478.326751678410870E-6	-127.050755589023640E+0
381.000000000000060E+0	844.127960139978880E-6	-129.833871740807150E+0
382.000000000000060E+0	1.761951885061784E-3	-128.110764753286330E+0
383.000000000000060E+0	1.226014967985107E-3	-127.250333434731270E+0
384.000000000000060E+0	799.967360944062570E-6	-127.508511002730370E+0
385.000000000000060E+0	902.489600287575860E-6	-126.872533084997390E+0
386.000000000000060E+0	660.022777867130100E-6	-125.947216453661720E+0
387.000000000000060E+0	1.098537335341663E-3	-124.495855928861810E+0
388.000000000000060E+0	729.835577622850340E-6	-123.243247489725770E+0
389.000000000000060E+0	1.124716655688275E-3	-123.348259680227000E+0
390.000000000000060E+0	1.694512918420981E-3	-122.007846069267530E+0
391.000000000000060E+0	896.466809782320790E-6	-119.970690199800320E+0
392.000000000000060E+0	1.299411395683751E-3	-117.392758048202820E+0
393.000000000000060E+0	1.309988654566487E-3	-116.369937504417170E+0
394.000000000000060E+0	1.120411147371793E-3	-115.636328361896160E+0
395.000000000000060E+0	865.923244223111020E-6	-114.253566037128170E+0
396.000000000000060E+0	1.208222438092631E-3	-112.915995502765130E+0
397.000000000000060E+0	1.558378408726549E-3	-111.375248527282950E+0
398.000000000000060E+0	1.047613126269066E-3	-110.086880527148890E+0
399.000000000000060E+0	610.904250750851290E-6	-107.416440558226600E+0
400.000000000000060E+0	1.901327618904006E-3	-104.845470135891090E+0
401.000000000000060E+0	1.563553522000555E-3	-102.483269892737240E+0
402.000000000000060E+0	936.986021264030040E-6	-99.637392488189405E+0
403.000000000000060E+0	488.447853322792890E-6	-99.047018419939832E+0
404.000000000000060E+0	704.983263259110100E-6	-97.257043273619899E+0
405.000000000000060E+0	883.434002987719770E-6	-99.973965718236243E+0
406.000000000000060E+0	1.004440493446313E-3	-97.316016158067526E+0
407.000000000000060E+0	1.237616194011268E-3	-94.785272227034014E+0
408.000000000000060E+0	855.974304676048290E-6	-92.672752825684057E+0
409.000000000000060E+0	1.537595232061537E-3	-95.755448335830508E+0
410.000000000000060E+0	2.348273962772185E-3	-93.853926129384533E+0
411.000000000000060E+0	1.345501282472221E-3	-92.732257049901847E+0
412.000000000000060E+0	2.912448646722503E-3	-92.239146205411714E+0
413.000000000000060E+0	1.731315370240642E-3	-91.076555062141040E+0
414.000000000000060E+0	1.159618975427902E-3	-91.480786027140738E+0
415.000000000000060E+0	880.419838315412980E-6	-91.570537549884136E+0
416.000000000000060E+0	1.755648474912385E-3	-90.563664646059934E+0
417.000000000000060E+0	1.708996949086520E-3	-89.333488454348725E+0
418.000000000000060E+0	2.397908081899516E-3	-88.651622893046749E+0
419.000000000000060E+0	3.437141660992412E-3	-87.108576828789154E+0
420.000000000000060E+0	1.396336371827193E-3	-85.231370786939465E+0
421.000000000000060E+0	278.322289582807070E-6	-85.943307666859937E+0
422.000000000000060E+0	666.368481858583170E-6	-87.201236386396360E+0
423.000000000000060E+0	1.301997324379611E-3	-85.237948738432351E+0
424.000000000000060E+0	725.293053704289940E-6	-83.413319603645647E+0
425.000000000000060E+0	412.811666098383330E-6	-82.443925889182140E+0
426.000000000000060E+0	825.535067796303040E-6	-80.775919156703949E+0
427.000000000000060E+0	2.387939982136059E-3	-78.162135966839642E+0
428.000000000000060E+0	2.866627461026178E-3	-76.282610278432557E+0
429.000000000000060E+0	947.370826016314060E-6	-74.226268090266075E+0
430.000000000000060E+0	937.319684563228200E-6	-71.346516203284977E+0
431.000000000000060E+0	1.270472791846834E-3	-69.439892014963007E+0
432.000000000000060E+0	946.462707773286180E-6	-66.534000112031620E+0
433.000000000000060E+0	1.499915756535373E-3	-68.381901950132700E+0
434.000000000000060E+0	2.971427968868753E-3	-65.348811105670393E+0
435.000000000000060E+0	2.873759345944977E-3	-62.924317279035861E+0
436.000000000000060E+0	1.013707649614363E-3	-59.828667757645441E+0
437.000000000000060E+0	2.488702784322961E-3	-56.763733934743762E+0
438.000000000000060E+0	1.365413673781735E-3	-54.377343044067175E+0
439.000000000000060E+0	2.217538032927635E-3	-56.192538605441079E+0
440.000000000000060E+0	3.222131810339911E-3	-54.079627911870382E+0
441.000000000000060E+0	1.081032042023823E-3	-51.075162142099145E+0
442.000000000000060E+0	2.638419182509583E-3	-48.541525399279536E+0
443.000000000000060E+0	1.960563015498349E-3	-47.865690829907635E+0
444.000000000000060E+0	3.665875487446238E-3	-46.654478135751482E+0
445.000000000000060E+0	1.604462081193481E-3	-44.441161533329812E+0
446.000000000000060E+0	1.127389734748196E-3	-45.999852050798808E+0
447.000000000000060E+0	3.349858094520757E-3	-43.400628595814993E+0
448.000000000000060E+0	1.515123187406401E-3	-41.450299478067592E+0
449.000000000000060E+0	1.973087388001780E-3	-40.283816591523333E+0
450.000000000000060E+0	1.334528239525666E-3	-37.833836800389349E+0
451.000000000000060E+0	2.036816864665882E-3	-37.905237969783926E+0
452.000000000000060E+0	2.867354905009964E-3	-35.947390919669800E+0
453.000000000000060E+0	2.819163329198035E-3	-34.066492902789264E+0
454.000000000000060E+0	3.654351823563063E-3	-31.761331833508795E+0
455.000000000000060E+0	1.764703006826458E-3	-30.020414863185362E+0
456.000000000000060E+0	2.128874576642276E-3	-29.717616853219138E+0
457.000000000000060E+0	1.850322786427995E-3	-27.398587199686169E+0
458.000000000000060E+0	2.241462475845246E-3	-29.774999496482792E+0
459.000000000000060E+0	2.852352474458137E-3	-32.817358478622474E+0
460.000000000000060E+0	2.036188989158581E-3	-29.880970589460624E+0
461.000000000000060E+0	1.765603229591568E-3	-29.937482554609989E+0
462.000000000000060E+0	1.929346464180544E-3	-27.142333059827319E+0
463.000000000000060E+0	2.954080889364707E-3	-28.861718096083184E+0
464.000000000000060E+0	5.370291946790108E-3	-26.516701729066529E+0
465.000000000000060E+0	3.785714587075147E-3	-24.130594043082169E+0
466.000000000000060E+0	3.356601605196448E-3	-22.144341567012990E+0
467.000000000000060E+0	5.535576551991510E-3	-20.481916050878425E+0
468.000000000000060E+0	6.519599822524776E-3	-18.440915587596745E+0
469.000000000000060E+0	8.862549760635106E-3	-16.105502309105056E+0
470.000000000000060E+0	5.187044372020304E-3	-14.074642519509878E+0
471.000000000000060E+0	4.147271738279102E-3	-16.978957471393468E+0
472.000000000000060E+0	3.379633336323130E-3	-15.998904890471469E+0
473.000000000000060E+0	6.340803140064440E-3	-14.517309221684965E+0
474.000000000000060E+0	2.514845658842401E-3	-14.127929147956777E+0
475.000000000000060E+0	8.529199787809158E-3	-12.393366045709078E+0
476.000000000000060E+0	6.983164259386040E-3	-14.874468990394103E+0
477.000000000000060E+0	14.057313635247284E-3	-12.338932983609931E+0
478.000000000000060E+0	5.319208875998739E-3	-11.055910367668041E+0
479.000000000000060E+0	7.376169119453460E-3	-9.168547418888707E+0
480.000000000000060E+0	7.348359293671110E-3	-12.086185649203395E+0
481.000000000000060E+0	6.827915609541367E-3	-9.382486869530034E+0
482.000000000000060E+0	3.776946614391193E-3	-10.941922096470821E+0
483.000000000000060E+0	8.113183871316848E-3	-8.297188782153308E+0
484.000000000000060E+0	1.151031287599696E-3	-10.186866702872688E+0
485.000000000000060E+0	2.068773474024382E-3	-11.819775046532552E+0
486.000000000000060E+0	2.347583256259956E-3	-8.980843724039790E+0
487.000000000000060E+0	8.369726051737353E-3	-6.489963320459981E+0
488.000000000000060E+0	24.997328667793615E-3	-9.408230885630784E+0
489.000000000000060E+0	5.184986472661738E-3	-7.584558362658850E+0
490.000000000000060E+0	12.560358417732937E-3	-7.033344660017113E+0
491.000000000000060E+0	9.902204308507179E-3	-4.091383594660961E+0
492.000000000000060E+0	21.012565846265423E-3	-5.711666859160814E+0
493.000000000000060E+0	15.836113652146142E-3	-8.648752167740266E+0
494.000000000000060E+0	153.129440226373310E-3	-11.624467050476442E+0
495.000000000000060E+0	14.682863332365015E-3	-10.136205970785646E+0
496.000000000000060E+0	19.743277666400660E-3	-7.072258743466192E+0
497.000000000000060E+0	13.922538552821063E-3	-7.953315102046429E+0
498.000000000000060E+0	32.183873315772243E-3	-5.225019355496636E+0
499.000000000000060E+0	30.474332373153605E-3	-8.005493711571596E+0
500.000000000000060E+0	31.456484038717959E-3	-7.352819161711187E+0
