Freq (Hz)	Gxymicro/hp_Real	Gxymicro/hp_Imag
49.000000000000007E+0	-128.586180066449940E-12	146.388464034844840E-12
50.000000000000007E+0	-2.384139327710079E-9	1.830814700538029E-9
51.000000000000007E+0	-30.808293058818744E-12	922.007565045376350E-12
52.000000000000007E+0	-43.125515154032772E-12	69.554632738940377E-12
53.000000000000007E+0	366.347952972354260E-12	-118.515778235225300E-12
54.000000000000007E+0	-422.991445910666220E-12	-252.914673428970090E-12
55.000000000000007E+0	246.691671141054030E-12	434.733978268301370E-12
56.000000000000007E+0	-65.488309827644413E-12	-470.908604720153600E-12
57.000000000000007E+0	2.621002572699085E-12	951.382599468576650E-12
58.000000000000007E+0	406.924920899296210E-12	-830.767092454701040E-12
59.000000000000007E+0	-883.631073841150880E-12	168.032118359378060E-12
60.000000000000007E+0	876.521351637258440E-12	-106.935329724095920E-12
61.000000000000007E+0	-2.060323312672778E-9	1.148784747538124E-9
62.000000000000007E+0	2.469935293639435E-9	1.014208057605128E-9
63.000000000000007E+0	-1.654230779730719E-9	-1.176350540173235E-9
64.000000000000014E+0	2.826145842375570E-9	784.290286351369840E-12
65.000000000000014E+0	-1.838735317628307E-9	-268.956836436421090E-12
66.000000000000014E+0	243.733888381068270E-12	382.031253073658670E-12
67.000000000000014E+0	930.385909118495860E-12	935.814743317555200E-12
68.000000000000014E+0	1.513807311598485E-9	-2.468437656015403E-9
69.000000000000014E+0	-1.313896772619670E-9	1.699481962462358E-9
70.000000000000014E+0	2.687389912178799E-9	2.069244341761975E-9
71.000000000000014E+0	2.455663949143066E-9	-7.246228355240486E-9
72.000000000000014E+0	-4.268003815231754E-9	-222.131464674982690E-12
73.000000000000014E+0	-973.791611038291310E-12	6.312821964921244E-9
74.000000000000014E+0	6.770586581820897E-9	-6.879172666239716E-9
75.000000000000014E+0	-6.437228469020781E-9	2.842155802512475E-9
76.000000000000014E+0	5.295691803212503E-9	-3.312384216933668E-9
77.000000000000014E+0	-3.816289935705828E-9	4.309349283799905E-9
78.000000000000014E+0	4.529396682987401E-9	-4.019879164854606E-9
79.000000000000014E+0	-3.238301454458258E-9	129.499066707464810E-12
80.000000000000014E+0	417.766047825945370E-12	-2.129270244257965E-9
81.000000000000014E+0	-6.103043356567554E-9	8.270826472670461E-9
82.000000000000014E+0	11.605583652759366E-9	731.542932978639400E-12
83.000000000000014E+0	6.566700155584626E-9	441.502763186926270E-12
84.000000000000014E+0	929.267452278603570E-12	-22.331339985964077E-9
85.000000000000014E+0	-19.076540290434983E-9	1.690598120926637E-9
86.000000000000014E+0	2.619452073605313E-9	10.432945342006019E-9
87.000000000000014E+0	-4.164692648866017E-9	1.626082686930677E-9
88.000000000000014E+0	6.666923088953382E-9	-3.068591188666063E-9
89.000000000000014E+0	-1.706132481061493E-9	13.178704622691862E-9
90.000000000000014E+0	11.161569986750619E-9	-18.507071198474352E-9
91.000000000000014E+0	-7.129241639384814E-9	6.943101315959708E-9
92.000000000000014E+0	-6.599288214865928E-9	-6.673971667910373E-9
93.000000000000014E+0	10.240524750989039E-9	3.441785887920866E-9
94.000000000000014E+0	-1.936152192057600E-9	-4.047338472094154E-9
95.000000000000014E+0	-4.683200543641491E-9	-14.990735351631537E-9
96.000000000000014E+0	-19.640804660978015E-9	3.607335769790065E-9
97.000000000000014E+0	762.321267614982160E-12	14.903796513020927E-9
98.000000000000014E+0	2.293577855706333E-9	10.416984368176279E-9
99.000000000000014E+0	-25.870259288771424E-9	11.395572670850145E-9
100.000000000000010E+0	67.295704604799650E-9	48.669698672506005E-9
101.000000000000010E+0	6.279815062697042E-9	-46.394710604791827E-9
102.000000000000010E+0	1.647121553710633E-9	-5.234388957385629E-9
103.000000000000010E+0	-16.072840341358082E-9	-3.567555635761843E-9
104.000000000000010E+0	-2.407613132594145E-9	3.907548150538870E-9
105.000000000000010E+0	-11.551471477292221E-9	2.804785705872123E-9
106.000000000000010E+0	-3.400385610017682E-9	15.896493654828248E-9
107.000000000000010E+0	17.009821352583967E-9	-4.957739744008499E-9
108.000000000000010E+0	-20.842905234551966E-9	-826.580248211212860E-12
109.000000000000010E+0	6.216612346439050E-9	17.753191841235005E-9
110.000000000000010E+0	8.032021788553245E-9	214.060800500284680E-12
111.000000000000010E+0	-5.604647581666434E-9	25.288971561769088E-9
112.000000000000010E+0	61.751017778808483E-9	-10.472431367341518E-9
113.000000000000010E+0	-31.567023800430628E-9	-55.968771783255389E-9
114.000000000000010E+0	-35.424948391204745E-9	26.023084278689729E-9
115.000000000000010E+0	91.555870905248761E-9	3.538523791127438E-9
116.000000000000010E+0	-63.197372320615608E-9	-142.549050298419300E-9
117.000000000000010E+0	-65.551097055637726E-9	44.599462843474048E-9
118.000000000000010E+0	9.620916345150862E-9	5.573247755099840E-9
119.000000000000010E+0	172.054034968612320E-12	-36.433293152599745E-9
120.000000000000010E+0	-52.017587408898717E-9	10.881770275890417E-9
121.000000000000010E+0	35.651263727093923E-9	18.934941057770676E-9
122.000000000000010E+0	-15.329253659525690E-9	-20.239570767296634E-9
123.000000000000010E+0	6.160749390819170E-9	32.239562981438152E-9
124.000000000000010E+0	42.352943799730121E-9	-28.694466781048917E-9
125.000000000000010E+0	-18.760460367894545E-9	-14.184791743737169E-9
126.000000000000010E+0	-17.577822513809071E-9	-11.005694988491687E-9
127.000000000000010E+0	-2.524791130248525E-9	64.321521784462287E-9
128.000000000000030E+0	87.810279596081486E-9	-25.409004478333168E-9
129.000000000000030E+0	-58.580721412213216E-9	-58.242365844642369E-9
130.000000000000030E+0	-17.428787278321317E-9	62.841241197750231E-9
131.000000000000030E+0	61.578313879719308E-9	-9.341650667655823E-9
132.000000000000030E+0	-53.862411396097717E-9	-65.313350706927659E-9
133.000000000000030E+0	-40.534401041152463E-9	-1.349155390065767E-9
134.000000000000030E+0	-98.242053651187833E-9	12.476864403406275E-9
135.000000000000030E+0	-46.025283804014219E-9	72.845889205686635E-9
136.000000000000030E+0	18.101037217023373E-9	48.860863779043210E-9
137.000000000000030E+0	-10.212461759047706E-9	-42.487955416082028E-12
138.000000000000030E+0	-32.343802948866257E-9	-23.540603737527348E-9
139.000000000000030E+0	-80.828585720426461E-9	73.494089636968248E-9
140.000000000000030E+0	100.802867765361920E-9	55.719902505298365E-9
141.000000000000030E+0	-18.438963391633755E-9	-52.609094327523263E-9
142.000000000000030E+0	66.240495507878929E-9	130.084987337980570E-9
143.000000000000030E+0	197.112990617366040E-9	-47.693251298822728E-9
144.000000000000030E+0	29.152713367254290E-9	-142.886141977102590E-9
145.000000000000030E+0	862.773958696422780E-12	12.431758054684987E-9
146.000000000000030E+0	-36.974285251040024E-9	-251.656596677946490E-12
147.000000000000030E+0	84.399152200489650E-9	225.467186642349450E-9
148.000000000000030E+0	282.566475424666370E-9	95.967296722704276E-9
149.000000000000030E+0	117.642662596819290E-9	43.916806412294405E-9
150.000000000000030E+0	468.455498490527500E-9	97.820648584407516E-9
151.000000000000030E+0	-8.472606456942209E-9	-428.655425048847970E-9
152.000000000000030E+0	-154.248323894391300E-9	95.814362264931275E-9
153.000000000000030E+0	81.654169344359314E-9	-102.222293078182030E-9
154.000000000000030E+0	-264.761090702025810E-9	-137.549233791374740E-9
155.000000000000030E+0	50.539453267352532E-9	190.330543160615310E-9
156.000000000000030E+0	84.652254424820458E-9	-179.647389894442520E-9
157.000000000000030E+0	-115.034553022120710E-9	-25.205929043245725E-9
158.000000000000030E+0	-99.958669858306710E-9	12.539910647649300E-9
159.000000000000030E+0	-240.032914287297320E-9	141.796189335134020E-9
160.000000000000030E+0	-271.838941924785120E-9	326.855390529911230E-9
161.000000000000030E+0	223.625106779200730E-9	623.832337002288630E-9
162.000000000000030E+0	365.865254158393010E-9	-132.535197918345880E-9
163.000000000000030E+0	-37.055074037586909E-9	-3.760960560096702E-9
164.000000000000030E+0	50.632865765232488E-9	-24.395296133233081E-9
165.000000000000030E+0	-125.338268029572460E-9	29.018230627901222E-9
166.000000000000030E+0	-119.301973662121530E-9	189.744997762833030E-9
167.000000000000030E+0	-91.861669350431952E-9	274.972968256758190E-9
168.000000000000030E+0	120.859390681173600E-9	241.874613721305610E-9
169.000000000000030E+0	196.616934882755120E-9	-63.153722960178293E-9
170.000000000000030E+0	55.910017137846457E-9	-60.499586553961942E-9
171.000000000000030E+0	119.533189257215700E-9	-184.979559754867900E-9
172.000000000000030E+0	-220.375613026663920E-9	34.847026191533998E-9
173.000000000000030E+0	25.829724992647991E-9	222.314479045458730E-9
174.000000000000030E+0	51.825295029459244E-9	238.372846778429320E-9
175.000000000000030E+0	127.966859421049690E-9	-102.020549120382920E-9
176.000000000000030E+0	-79.067644491602778E-9	-309.842190402945140E-9
177.000000000000030E+0	-247.100571698049320E-9	-460.403704119011320E-9
178.000000000000030E+0	-164.208411279518830E-9	-124.536637797005020E-9
179.000000000000030E+0	-45.609224405148465E-9	-75.530385919170040E-9
180.000000000000030E+0	31.721390293614040E-9	178.357372225450590E-9
181.000000000000030E+0	39.081406185308728E-9	-26.876830228099857E-9
182.000000000000030E+0	-323.055891042816200E-9	-1.691005086861385E-9
183.000000000000030E+0	-349.541331601892930E-9	566.336551182583260E-9
184.000000000000030E+0	603.108366349218720E-9	967.321929839499930E-9
185.000000000000030E+0	1.295824171208500E-6	-129.496122495671080E-9
186.000000000000030E+0	77.968854426496231E-9	-801.298000743192110E-9
187.000000000000030E+0	-230.417076151324290E-9	-19.883547105858567E-9
188.000000000000030E+0	-261.739630188759280E-9	-126.968366997864300E-9
189.000000000000030E+0	-477.541657164452610E-9	126.410811960454370E-9
190.000000000000030E+0	-187.559164083647130E-9	353.579364849819680E-9
191.000000000000030E+0	295.486377957059930E-9	175.704077748862850E-9
192.000000000000030E+0	212.735125115652270E-9	307.825489569710940E-9
193.000000000000030E+0	746.268337142199230E-9	223.982819932629660E-9
194.000000000000030E+0	452.767132358942990E-9	-399.318226693241920E-9
195.000000000000030E+0	120.945497324068910E-9	-184.122193220001270E-9
196.000000000000030E+0	52.928504279194074E-9	60.051836133088068E-9
197.000000000000030E+0	109.836250728100530E-9	141.627398162611550E-9
198.000000000000030E+0	296.188665149941380E-9	-9.156128701374358E-9
199.000000000000030E+0	247.725477657562970E-9	6.129512249265230E-9
200.000000000000030E+0	391.053215135015160E-9	426.826168209850810E-9
201.000000000000030E+0	452.624006228373280E-9	422.227110464213270E-9
202.000000000000030E+0	446.053178335830340E-9	246.853073089924560E-9
203.000000000000030E+0	54.006583569735481E-9	-194.560487239050570E-9
204.000000000000030E+0	-275.046629828695500E-9	267.037091477908190E-9
205.000000000000030E+0	-335.358421764873870E-9	-345.083756798934850E-9
206.000000000000030E+0	-1.948602534095716E-6	67.353086720020914E-9
207.000000000000030E+0	-830.856938804511600E-9	1.360072434315498E-6
208.000000000000030E+0	392.899606977130830E-9	404.008832818914180E-9
209.000000000000030E+0	453.491726566667250E-9	137.901576991413800E-9
210.000000000000030E+0	372.265562616182140E-9	-41.439839446398040E-9
211.000000000000030E+0	-347.493722526390160E-9	-13.801642783345478E-9
212.000000000000030E+0	-751.267108459853150E-9	345.379251419367460E-9
213.000000000000030E+0	-498.726200020484910E-9	668.416220543246060E-9
214.000000000000030E+0	119.634943495388020E-9	700.207417221396620E-9
215.000000000000030E+0	1.271082019495151E-6	904.116197391225720E-9
216.000000000000030E+0	2.294477547532973E-6	-186.888453618687690E-9
217.000000000000030E+0	650.366669977775610E-9	-1.157775931488822E-6
218.000000000000030E+0	-372.145684662378890E-9	-393.365020944296700E-9
219.000000000000030E+0	-176.642028556502340E-9	-229.337139760089320E-9
220.000000000000030E+0	-368.498629535251180E-9	289.230103539933540E-9
221.000000000000030E+0	-349.986786985412950E-9	766.235878756098760E-9
222.000000000000030E+0	-202.731407194231810E-9	537.964026046771810E-9
223.000000000000030E+0	-34.302558279741363E-9	-295.199881530640880E-9
224.000000000000030E+0	-139.155262573491470E-9	-723.286923649444220E-9
225.000000000000030E+0	-206.887681004621090E-9	-512.054564568470570E-9
226.000000000000030E+0	-417.841126998567830E-9	-212.731734342629110E-9
227.000000000000030E+0	-604.400177886563970E-9	-75.505900719556522E-9
228.000000000000030E+0	-711.068461538600730E-9	292.251104788656300E-9
229.000000000000030E+0	-26.013659649191780E-9	736.367163342932460E-9
230.000000000000030E+0	575.275923416795830E-9	475.656735800667770E-9
231.000000000000030E+0	416.938228295531230E-9	197.990279812328520E-9
232.000000000000030E+0	74.013958077360918E-9	152.649497589260030E-9
233.000000000000030E+0	-155.170008390908020E-9	84.403073136182230E-9
234.000000000000030E+0	-375.372646465290040E-9	-45.465190241096915E-9
235.000000000000030E+0	-429.912613544339650E-9	-269.314562386504040E-9
236.000000000000030E+0	-552.847858289036220E-9	-183.405353033748230E-9
237.000000000000030E+0	-696.123609110155240E-9	70.998112183293437E-9
238.000000000000030E+0	-845.169614306525940E-9	492.701471001445150E-9
239.000000000000030E+0	-109.466864413266970E-9	541.867128788993220E-9
240.000000000000030E+0	119.901851659417110E-9	-228.464976865098270E-9
241.000000000000030E+0	-106.815490704235100E-9	-288.399470199631850E-9
242.000000000000030E+0	-159.894021893920890E-9	-295.391145969598750E-9
243.000000000000030E+0	-498.140533767504610E-9	-161.243424379035160E-9
244.000000000000030E+0	-347.926233735148060E-9	66.321965100333470E-9
245.000000000000030E+0	35.617748252901361E-9	130.404074947100880E-9
246.000000000000030E+0	303.101974467631030E-9	319.638818060596970E-9
247.000000000000030E+0	144.913443548892770E-9	213.482318662299900E-9
248.000000000000030E+0	-232.669063638407110E-9	-110.496882150178540E-9
249.000000000000030E+0	-6.150503289638766E-9	-276.262461319859170E-9
250.000000000000030E+0	298.440209390323670E-9	-347.282345643595860E-9
251.000000000000030E+0	51.392827122325755E-9	-328.670588574773690E-9
252.000000000000030E+0	-32.397697093689596E-9	-163.240388008201270E-9
253.000000000000030E+0	13.705282772908042E-9	-97.304794647915887E-9
254.000000000000030E+0	-179.241221352471310E-9	11.459199362365728E-9
255.000000000000030E+0	21.998500817106281E-9	181.088437722571820E-9
256.000000000000060E+0	288.809828602183320E-9	95.432787676011211E-9
257.000000000000060E+0	159.548157951695390E-9	29.298630236219653E-9
258.000000000000060E+0	122.367414196514280E-9	250.848267133901420E-9
259.000000000000060E+0	187.999534751762300E-9	238.298287194681860E-9
260.000000000000060E+0	-38.596366109870623E-9	-6.701476982543584E-9
261.000000000000060E+0	-80.324685561970701E-9	-24.524629579782217E-9
262.000000000000060E+0	106.022577710154250E-9	162.959179741801580E-9
263.000000000000060E+0	98.643576544251958E-9	225.094349376405650E-9
264.000000000000060E+0	150.672285436181830E-9	118.742436378648180E-9
265.000000000000060E+0	216.879264256440600E-9	-1.920049112809189E-9
266.000000000000060E+0	39.346994069341035E-9	-54.743908953797289E-9
267.000000000000060E+0	10.254858088142721E-9	-140.172681198673430E-9
268.000000000000060E+0	82.653452549438831E-9	-99.487822799676539E-9
269.000000000000060E+0	98.891843693704892E-9	133.596747566833110E-9
270.000000000000060E+0	105.400764034950430E-9	178.202444556711440E-9
271.000000000000060E+0	-3.881827408913724E-9	100.477764226411850E-9
272.000000000000060E+0	-87.279346787510017E-9	72.948994574865927E-9
273.000000000000060E+0	-41.860702230662038E-9	41.321753178160366E-9
274.000000000000060E+0	56.830846595309213E-9	-4.177873448179461E-9
275.000000000000060E+0	63.318965015297803E-9	59.164816112026878E-9
276.000000000000060E+0	25.916211522724132E-9	124.344410326749840E-9
277.000000000000060E+0	148.520934920788090E-9	169.987126730083220E-9
278.000000000000060E+0	104.624533727227710E-9	184.405192975898370E-9
279.000000000000060E+0	-49.670851852471485E-9	21.897225396699129E-9
280.000000000000060E+0	-19.136856799705883E-9	-125.323076201872170E-9
281.000000000000060E+0	16.381848645677968E-9	-163.804659625440750E-9
282.000000000000060E+0	-11.467805273870544E-9	-167.645167966745400E-9
283.000000000000060E+0	-13.942002269634578E-9	-67.498590046981327E-9
284.000000000000060E+0	-32.493812103910957E-9	-10.451653692333113E-9
285.000000000000060E+0	-80.114008293259232E-9	-17.277290951637883E-9
286.000000000000060E+0	-103.253781111215220E-9	-10.813117529804631E-9
287.000000000000060E+0	-20.408884395586486E-9	-22.949819176282858E-9
288.000000000000060E+0	84.486015339249382E-9	-47.893287028121189E-9
289.000000000000060E+0	72.710597054942979E-9	-61.525880679789500E-9
290.000000000000060E+0	74.632095603003579E-9	29.916956487392050E-9
291.000000000000060E+0	36.660580881177188E-9	129.048079975939740E-9
292.000000000000060E+0	-13.036262529785104E-9	46.003236097850405E-9
293.000000000000060E+0	30.052569228750733E-9	-43.720801711186687E-9
294.000000000000060E+0	68.191465825741620E-9	33.573173096057802E-9
295.000000000000060E+0	11.285764492014716E-9	86.720437568789567E-9
296.000000000000060E+0	-16.612184330042565E-9	-13.382232819235905E-9
297.000000000000060E+0	55.457945350511013E-9	-21.145387801045718E-9
298.000000000000060E+0	101.287563695634080E-9	92.481598539673044E-9
299.000000000000060E+0	56.395130728894428E-9	185.504443086084050E-9
300.000000000000060E+0	-59.225160280437416E-9	181.136679625175870E-9
301.000000000000060E+0	-75.412442772668526E-9	84.325103387804187E-9
302.000000000000060E+0	12.359559479234990E-9	50.307546835230367E-9
303.000000000000060E+0	30.378877695383855E-9	63.010417603825750E-9
304.000000000000060E+0	27.560149677102555E-9	3.223991690919619E-9
305.000000000000060E+0	28.716078083380430E-9	13.617366264682617E-9
306.000000000000060E+0	-29.156226816579911E-9	6.578350373380956E-9
307.000000000000060E+0	28.840384091925345E-9	21.466635380090596E-9
308.000000000000060E+0	-9.774646787342566E-9	106.265421565454760E-9
309.000000000000060E+0	-77.481231985639428E-9	51.622580405343451E-9
310.000000000000060E+0	-29.597542470989081E-9	-47.403604544930360E-9
311.000000000000060E+0	43.634809287796896E-9	2.076372538882153E-9
312.000000000000060E+0	-60.761090913606236E-9	60.900572478807733E-9
313.000000000000060E+0	-86.326681003595003E-9	-62.836615933934493E-9
314.000000000000060E+0	-21.137908307887663E-9	-58.671815436366375E-9
315.000000000000060E+0	-158.767227592068470E-9	55.714413775001147E-9
316.000000000000060E+0	-258.670225517645760E-9	-16.125785610944492E-9
317.000000000000060E+0	-54.372554079910058E-9	-37.447715603541353E-9
318.000000000000060E+0	-69.354902730762485E-9	38.516067138724651E-9
319.000000000000060E+0	-120.186157083846180E-9	-34.871077775917698E-9
320.000000000000060E+0	-16.352800440449605E-9	-131.112058318173410E-9
321.000000000000060E+0	145.105392137665770E-9	-105.526157065973920E-9
322.000000000000060E+0	46.822423132814031E-9	26.081863926605463E-9
323.000000000000060E+0	-174.880374065756460E-9	-87.140405178262476E-9
324.000000000000060E+0	-36.007320988499958E-9	-209.693658925021360E-9
325.000000000000060E+0	67.425718051813634E-9	-66.346666351605359E-9
326.000000000000060E+0	-47.083254522943358E-9	-104.427120633376830E-9
327.000000000000060E+0	16.236676027038897E-9	-167.137600048705610E-9
328.000000000000060E+0	8.254069295672331E-9	-29.986583703226822E-9
329.000000000000060E+0	-47.947781339990296E-9	-2.922489188678882E-9
330.000000000000060E+0	-34.500776970706554E-9	-71.286385550973413E-9
331.000000000000060E+0	55.606100805487815E-9	-189.622465174758400E-9
332.000000000000060E+0	191.275214376501020E-9	-117.855080409431110E-9
333.000000000000060E+0	71.012628354400904E-9	65.500118987078280E-9
334.000000000000060E+0	-65.801733507498434E-9	43.138929489925459E-9
335.000000000000060E+0	97.906710784732163E-9	-84.063830687315048E-9
336.000000000000060E+0	189.798179022711760E-9	77.291404430401789E-9
337.000000000000060E+0	-131.351166879745610E-9	54.908593371599016E-9
338.000000000000060E+0	-112.544924374821890E-9	-139.823792554878140E-9
339.000000000000060E+0	14.343831299427217E-9	-39.988796154121578E-9
340.000000000000060E+0	-30.081111887592897E-9	-49.455537808855390E-9
341.000000000000060E+0	67.680626016483091E-9	-121.873364431156170E-9
342.000000000000060E+0	102.331303603975900E-9	-7.695320027038304E-9
343.000000000000060E+0	-10.376633991391875E-9	107.438899411311770E-9
344.000000000000060E+0	-155.133047353974540E-9	102.333321429871520E-9
345.000000000000060E+0	-121.363089874917200E-9	51.716569220736929E-9
346.000000000000060E+0	-181.497602919698510E-9	-36.780162521599833E-9
347.000000000000060E+0	17.704159393645521E-9	-240.130759322177580E-9
348.000000000000060E+0	171.068097291709720E-9	-18.647478503788196E-9
349.000000000000060E+0	61.925667499359212E-9	118.313967497014830E-9
350.000000000000060E+0	-52.680554321500511E-9	20.246885286692481E-9
351.000000000000060E+0	177.704278976831790E-9	-99.672854053935943E-9
352.000000000000060E+0	147.097697059246220E-9	180.122812920324470E-9
353.000000000000060E+0	-47.657994849976837E-9	132.184256745847200E-9
354.000000000000060E+0	-73.065818153347297E-9	141.365896180556100E-9
355.000000000000060E+0	-193.116438525889130E-9	71.992266362764424E-9
356.000000000000060E+0	-107.798937046128610E-9	-29.304821675319886E-9
357.000000000000060E+0	-128.320113316876650E-9	-37.560873825282713E-9
358.000000000000060E+0	63.288405712189567E-9	-178.819445836422410E-9
359.000000000000060E+0	201.914229680247160E-9	138.098437402004560E-9
360.000000000000060E+0	-96.367541904530505E-9	118.648763247542730E-9
361.000000000000060E+0	-84.205020150974952E-9	6.998125239469519E-9
362.000000000000060E+0	-156.254855160065610E-9	-36.886188944085933E-9
363.000000000000060E+0	-67.794270250470704E-9	-80.357950886516026E-9
364.000000000000060E+0	-16.928135189856838E-9	56.986745332027374E-9
365.000000000000060E+0	-214.343855231877160E-9	107.534531056535530E-9
366.000000000000060E+0	-207.566782772082860E-9	-151.916665361990830E-9
367.000000000000060E+0	21.370644916163788E-9	-96.915742322052378E-9
368.000000000000060E+0	-54.034201443666150E-9	11.981436301856154E-9
369.000000000000060E+0	30.619754969461918E-9	-80.372125703862915E-9
370.000000000000060E+0	92.763498850476773E-9	105.474815012073790E-9
371.000000000000060E+0	6.111568097137944E-9	103.590351980895660E-9
372.000000000000060E+0	13.542701742289321E-9	146.674231434109470E-9
373.000000000000060E+0	-75.283976437591004E-9	123.616446681167980E-9
374.000000000000060E+0	-140.039451538113860E-9	26.599736583359150E-9
375.000000000000060E+0	-149.872250784362580E-9	-165.440491324077700E-9
376.000000000000060E+0	76.947159633297499E-9	-237.049736923272280E-9
377.000000000000060E+0	116.541799462860380E-9	-83.883831665190916E-9
378.000000000000060E+0	204.718826588226500E-9	-8.071566176549096E-9
379.000000000000060E+0	125.968857377453970E-9	173.171207385326770E-9
380.000000000000060E+0	-35.680038129826041E-9	140.896846287598170E-9
381.000000000000060E+0	-34.458781767051581E-9	-75.464753937724220E-9
382.000000000000060E+0	103.836383709062100E-9	-39.979056905555077E-9
383.000000000000060E+0	35.033134122598208E-9	-54.973545152775961E-9
384.000000000000060E+0	135.351055756184260E-9	-55.192702820782411E-9
385.000000000000060E+0	122.640017049384400E-9	82.055084586888671E-9
386.000000000000060E+0	1.349624369656439E-9	120.706998586850590E-9
387.000000000000060E+0	-43.792817634927174E-9	18.772832755511796E-9
388.000000000000060E+0	77.373347732189033E-9	39.905625459365326E-9
389.000000000000060E+0	-22.414017855675946E-9	101.876875954183230E-9
390.000000000000060E+0	-9.548660286845885E-9	28.324459902170643E-9
391.000000000000060E+0	29.272996165224429E-9	53.640106918456145E-9
392.000000000000060E+0	-48.721634537329148E-9	111.210183721687930E-9
393.000000000000060E+0	-143.075438299943450E-9	-25.931561071755922E-9
394.000000000000060E+0	28.870184304165093E-9	-130.095470779356400E-9
395.000000000000060E+0	68.879115012147390E-9	-55.259162782112700E-9
396.000000000000060E+0	174.215930789884570E-9	74.325945817787135E-9
397.000000000000060E+0	-149.470790109150160E-9	128.073772584664260E-9
398.000000000000060E+0	20.165506320101144E-9	-125.980466127663470E-9
399.000000000000060E+0	-32.791348389036936E-9	98.285976367443769E-9
400.000000000000060E+0	12.591874867333350E-9	-109.704624233165570E-9
401.000000000000060E+0	-18.958866224222735E-9	109.548347228387260E-9
402.000000000000060E+0	-27.739744689039753E-9	-97.871294951686327E-9
403.000000000000060E+0	84.779819958709054E-9	26.002583349455311E-9
404.000000000000060E+0	3.567819976459064E-9	60.397384296343554E-9
405.000000000000060E+0	-5.073129112964300E-9	36.941272928135796E-9
406.000000000000060E+0	37.971051714047626E-9	12.592261995202374E-9
407.000000000000060E+0	-101.304200767575660E-9	111.670679768786990E-9
408.000000000000060E+0	-79.816485248792903E-9	-161.606549704430510E-9
409.000000000000060E+0	24.369773434292708E-9	-70.458193209683489E-9
410.000000000000060E+0	63.474034676838558E-9	-182.585843837762200E-9
411.000000000000060E+0	237.235355216916100E-9	119.542386795863000E-9
412.000000000000060E+0	-261.669946569774450E-9	201.557465524367500E-9
413.000000000000060E+0	-79.937232271346863E-9	-226.544654777595020E-9
414.000000000000060E+0	937.811446824975930E-12	28.304556452946377E-9
415.000000000000060E+0	-14.818853640424143E-9	-94.860731711131628E-9
416.000000000000060E+0	119.057922254678500E-9	-1.208786639324389E-9
417.000000000000060E+0	-52.995304408714027E-9	125.608209508348080E-9
418.000000000000060E+0	-34.443972514479850E-9	-9.704958657995990E-9
419.000000000000060E+0	-74.784431290231079E-9	-4.946354086416506E-9
420.000000000000060E+0	-30.973468179870642E-9	-4.001277746263870E-9
421.000000000000060E+0	-75.145446556517725E-9	-50.060428458980264E-9
422.000000000000060E+0	100.706871226322440E-9	-97.953404181003198E-9
423.000000000000060E+0	-24.217410984331726E-9	110.394087574701930E-9
424.000000000000060E+0	-14.034170699605003E-9	-55.151613275974381E-9
425.000000000000060E+0	13.861118147436206E-9	21.483560667108062E-9
426.000000000000060E+0	-18.716469681836509E-9	-38.960191974420784E-9
427.000000000000060E+0	77.438686483110160E-9	54.632675361224131E-9
428.000000000000060E+0	-41.926762972803852E-9	35.862768613733908E-9
429.000000000000060E+0	-13.175045059635320E-9	24.573267787091304E-9
430.000000000000060E+0	-79.671856284965263E-9	-1.472571946075910E-9
431.000000000000060E+0	57.731453271186357E-9	-73.807825643039562E-9
432.000000000000060E+0	2.110899353312862E-9	52.148343693747305E-9
433.000000000000060E+0	47.479487606436373E-9	-13.037058194248090E-9
434.000000000000060E+0	-26.936062437775367E-9	55.355865680973133E-9
435.000000000000060E+0	31.118195475033918E-9	13.187009000105261E-9
436.000000000000060E+0	-32.762367877073123E-9	17.895610580266427E-9
437.000000000000060E+0	23.057990612873482E-9	15.010558036837373E-9
438.000000000000060E+0	-18.748462980074389E-9	-8.124599462343592E-9
439.000000000000060E+0	29.151456507975631E-9	73.649801077405332E-9
440.000000000000060E+0	-76.475933330681766E-9	-9.395991468274633E-9
441.000000000000060E+0	-25.322852786298670E-9	-28.133287774095059E-9
442.000000000000060E+0	23.165512646631186E-9	-49.860232976922186E-9
443.000000000000060E+0	67.679469800306971E-9	56.258242360410061E-9
444.000000000000060E+0	-43.428032925963044E-9	-17.186057189438827E-9
445.000000000000060E+0	46.079422285450441E-9	51.380721595163024E-9
446.000000000000060E+0	-15.679788678706418E-9	-19.973488871409076E-9
447.000000000000060E+0	-27.613626447105423E-9	10.165868120794683E-9
448.000000000000060E+0	51.149178746938793E-9	-17.103514282733397E-9
449.000000000000060E+0	-35.589413612676683E-9	-23.655805648895782E-9
450.000000000000060E+0	106.878974435978830E-9	-24.537404649801213E-9
451.000000000000060E+0	-29.561598899516791E-9	56.280968248189450E-9
452.000000000000060E+0	34.570218703591843E-9	-21.143425222324731E-9
453.000000000000060E+0	-14.915005880335884E-9	50.471252075460858E-9
454.000000000000060E+0	-18.645129997743502E-9	-26.447468047228197E-9
455.000000000000060E+0	5.973793384804040E-9	37.923963070651436E-9
456.000000000000060E+0	-25.127505428592321E-9	-48.823118350275385E-9
457.000000000000060E+0	25.855007878647937E-9	21.480576371695100E-9
458.000000000000060E+0	-18.052424667134824E-9	-44.105551752478008E-9
459.000000000000060E+0	44.652397315757709E-9	37.968599155628813E-9
460.000000000000060E+0	-45.720029416715554E-9	-12.118148643342251E-9
461.000000000000060E+0	-4.040111616092611E-9	10.691043549654071E-9
462.000000000000060E+0	14.581057678540055E-9	-51.012326842337868E-9
463.000000000000060E+0	-12.494465249787411E-9	48.483855183248024E-9
464.000000000000060E+0	40.982090873012505E-9	-31.029293095643377E-9
465.000000000000060E+0	-28.840602918942513E-9	83.519567156297034E-9
466.000000000000060E+0	-36.388012315768250E-9	-57.432246400129570E-9
467.000000000000060E+0	21.711752360200486E-9	16.535729883508184E-9
468.000000000000060E+0	5.186724732883594E-9	1.142519738960262E-9
469.000000000000060E+0	-9.039688842223029E-9	-30.655560780457983E-9
470.000000000000060E+0	42.524914582152937E-9	34.969255355554612E-9
471.000000000000060E+0	-34.674829669044100E-9	-29.076502160322260E-9
472.000000000000060E+0	13.282909591643085E-9	12.522707264676981E-9
473.000000000000060E+0	23.245945897227151E-9	-14.792020754287913E-9
474.000000000000060E+0	-52.207485552899331E-9	19.945635295759283E-9
475.000000000000060E+0	20.538322386036918E-9	-33.855610186167046E-9
476.000000000000060E+0	183.263512808429700E-12	25.476244274114431E-9
477.000000000000060E+0	-6.069283099021333E-9	7.778904418499854E-9
478.000000000000060E+0	9.955504383569785E-9	-37.399808662969917E-9
479.000000000000060E+0	6.890079121794411E-9	36.111817501950239E-9
480.000000000000060E+0	-23.028915801384839E-9	-7.342309028192731E-9
481.000000000000060E+0	18.286244756326056E-9	-13.675638194962960E-9
482.000000000000060E+0	-21.584632778508057E-9	8.896619617559494E-9
483.000000000000060E+0	-2.363476274730121E-9	-10.140043824474866E-9
484.000000000000060E+0	8.355635048041790E-9	8.754532294718278E-9
485.000000000000060E+0	-9.034606917523239E-9	-4.980264452009269E-9
486.000000000000060E+0	6.566946844748904E-9	6.455229147746585E-9
487.000000000000060E+0	-12.900056222182004E-9	16.545501147918284E-9
488.000000000000060E+0	13.687574781023702E-9	-21.374452998210082E-9
489.000000000000060E+0	898.187782215546210E-12	22.431994416091317E-9
490.000000000000060E+0	8.975924859587806E-9	152.820646974427830E-12
491.000000000000060E+0	1.465590285906576E-9	-6.158848670356190E-9
492.000000000000060E+0	-7.526586171865283E-9	3.147818641299791E-9
493.000000000000060E+0	16.034412951565487E-9	8.787443789429335E-9
494.000000000000060E+0	-3.107882370693190E-9	-1.097123149149418E-9
495.000000000000060E+0	3.359288221452194E-9	-10.872642555131567E-9
496.000000000000060E+0	-6.885922087936899E-9	1.196553781220350E-9
497.000000000000060E+0	7.899265198340917E-9	-7.201701258847598E-9
498.000000000000060E+0	-9.595962624930221E-9	3.618257882175736E-9
499.000000000000060E+0	12.215693207171029E-9	-2.384413856905653E-9
500.000000000000060E+0	2.663872659072913E-9	2.779863082728590E-9
