Freq (Hz)	micro/hp_Real	micro/hp_Imag
49.000000000000007E+0	-83.095031995033417E-3	494.550279846406200E-3
50.000000000000007E+0	-566.993536547119590E-3	457.286974781888180E-3
51.000000000000007E+0	-13.573991146813676E-3	259.431105210126520E-3
52.000000000000007E+0	-198.668235383095190E-3	5.537994811179116E-3
53.000000000000007E+0	275.697647756421640E-3	171.721072853354140E-3
54.000000000000007E+0	-105.201720656424720E-3	-128.815785853541950E-3
55.000000000000007E+0	-17.547272775604375E-3	118.496146019518490E-3
56.000000000000007E+0	114.361199631448700E-3	-88.528963228022103E-3
57.000000000000007E+0	-37.494591680335018E-3	-54.404292674337301E-3
58.000000000000007E+0	-59.607909030220570E-3	44.809785094881163E-3
59.000000000000007E+0	-25.104652187143833E-3	-30.219668886827356E-3
60.000000000000007E+0	47.389034932332458E-3	-23.565833183833665E-3
61.000000000000007E+0	-122.519090378784970E-3	101.747451938525980E-3
62.000000000000007E+0	65.808984319392291E-3	6.735944811296125E-3
63.000000000000007E+0	44.035866901967438E-3	13.576842603538265E-3
64.000000000000014E+0	-42.862688323706689E-3	-50.090367778135289E-3
65.000000000000014E+0	-7.014356821757941E-3	32.075167423195716E-3
66.000000000000014E+0	10.619843690865419E-3	9.066307438831311E-3
67.000000000000014E+0	11.402715812527924E-3	-1.722212995970812E-3
68.000000000000014E+0	-20.046313607956414E-3	-12.873320981505539E-3
69.000000000000014E+0	25.314603046758324E-3	27.796009399491905E-3
70.000000000000014E+0	-8.079634330452046E-3	-23.299775433596202E-3
71.000000000000014E+0	15.080405003564147E-3	-37.080109881587137E-6
72.000000000000014E+0	-25.394204713475407E-3	-3.560155585161387E-3
73.000000000000014E+0	19.063560975963640E-3	18.543070205721476E-3
74.000000000000014E+0	92.919519592180367E-6	-15.384777611584190E-3
75.000000000000014E+0	9.469845894964031E-3	3.239909277754333E-3
76.000000000000014E+0	-21.902671193373916E-3	-5.154569374491907E-3
77.000000000000014E+0	26.910249784895240E-3	1.919025582480266E-3
78.000000000000014E+0	-20.570687244435573E-3	3.916099294353077E-3
79.000000000000014E+0	11.460742081968555E-3	-4.223856708541173E-3
80.000000000000014E+0	-902.781304468629310E-6	-9.573564062174418E-3
81.000000000000014E+0	-10.120850477471549E-3	8.266864704752993E-3
82.000000000000014E+0	9.187838941195254E-3	-5.171045875812822E-3
83.000000000000014E+0	-15.701898750803585E-3	11.557620242219797E-3
84.000000000000014E+0	27.890160062086482E-3	-986.277112958218110E-6
85.000000000000014E+0	-15.950008598293246E-3	-17.260923526629682E-3
86.000000000000014E+0	-4.212950281666536E-3	11.830800743432178E-3
87.000000000000014E+0	9.044322254863933E-3	6.249688445947178E-3
88.000000000000014E+0	1.992297960168644E-3	-12.574096797306155E-3
89.000000000000014E+0	-10.053485503120716E-3	-1.794700110365813E-3
90.000000000000014E+0	613.498310411952520E-6	11.997637518577582E-3
91.000000000000014E+0	9.249726164024643E-3	-1.551485356081886E-3
92.000000000000014E+0	-6.680536191925001E-3	-7.435811262845335E-3
93.000000000000014E+0	9.219733497456906E-3	7.824304277052619E-3
94.000000000000014E+0	251.618128015228140E-6	-9.447947272829308E-3
95.000000000000014E+0	470.451853550283660E-6	-3.137333183461949E-3
96.000000000000014E+0	-5.343515378150272E-3	59.734462131876048E-6
97.000000000000014E+0	7.611675625804711E-3	676.152506887990530E-6
98.000000000000014E+0	-1.513968672265432E-3	-6.146024403653113E-3
99.000000000000014E+0	6.567889084430015E-3	-11.218191102162782E-3
100.000000000000010E+0	-27.505159002122023E-3	-8.771043202406669E-3
101.000000000000010E+0	-158.424900604846530E-6	15.714995764002638E-3
102.000000000000010E+0	4.700135645006175E-3	-904.059379130861610E-6
103.000000000000010E+0	-4.116589856210336E-3	-3.787723290553529E-3
104.000000000000010E+0	702.765202416310980E-6	1.077359916543237E-3
105.000000000000010E+0	-1.560623252541869E-3	-2.429080770382987E-3
106.000000000000010E+0	-1.457304190620717E-3	1.127374571707156E-3
107.000000000000010E+0	4.858170271628511E-3	273.891556993443300E-6
108.000000000000010E+0	-2.977960604045974E-3	-6.556183875195449E-3
109.000000000000010E+0	-3.167990147092253E-3	964.296134254187640E-6
110.000000000000010E+0	-1.506905929386694E-3	4.195644258603582E-3
111.000000000000010E+0	3.938753853651012E-3	-1.384389820522330E-3
112.000000000000010E+0	-2.456974889494818E-3	-2.509880889027709E-3
113.000000000000010E+0	-4.350388069365422E-3	3.399570815462226E-3
114.000000000000010E+0	6.263150053502332E-3	1.323356266364075E-3
115.000000000000010E+0	-7.528438852975692E-3	-12.376461171561616E-3
116.000000000000010E+0	-13.308507772001415E-3	14.106358629230140E-3
117.000000000000010E+0	7.557604022760375E-3	5.864044696116053E-3
118.000000000000010E+0	2.889762575613991E-3	-7.399928139341346E-6
119.000000000000010E+0	1.214747102862094E-3	-2.817527877179800E-3
120.000000000000010E+0	-2.635248445478325E-3	-1.026913839985584E-3
121.000000000000010E+0	-585.298471535336210E-6	2.536916253124500E-3
122.000000000000010E+0	3.143913228436455E-3	-475.719752254661760E-6
123.000000000000010E+0	-1.756712308102961E-3	-1.000865371088152E-3
124.000000000000010E+0	1.832052732357224E-3	506.780963128493490E-6
125.000000000000010E+0	-1.338152690221305E-3	-2.060500487193678E-3
126.000000000000010E+0	-1.732763598271902E-3	615.452621076846580E-6
127.000000000000010E+0	-1.341516649844666E-3	1.803551611623873E-3
128.000000000000030E+0	714.270719950277810E-6	886.622508174305690E-6
129.000000000000030E+0	747.140971818406220E-6	631.544565277084420E-6
130.000000000000030E+0	817.797633813212620E-6	-1.746617932701391E-3
131.000000000000030E+0	-1.825349339561287E-3	-374.186119127355640E-6
132.000000000000030E+0	-196.952805422299600E-6	1.176738476351082E-3
133.000000000000030E+0	1.062500545951994E-3	127.659978857344560E-6
134.000000000000030E+0	-490.547600663483940E-6	-1.504476897427051E-3
135.000000000000030E+0	-1.787712290914180E-3	59.692805607403179E-6
136.000000000000030E+0	-1.216066960692328E-3	1.193516132866631E-3
137.000000000000030E+0	954.588355768499980E-6	1.366195575711905E-3
138.000000000000030E+0	-289.774169488484200E-6	-1.553164624569665E-3
139.000000000000030E+0	-489.927038628404110E-6	1.345174462677907E-3
140.000000000000030E+0	716.442206795935050E-6	-798.497595326489290E-6
141.000000000000030E+0	-423.561507031235230E-6	-221.833011501417500E-6
142.000000000000030E+0	-397.839622551086840E-6	-377.933995475967940E-6
143.000000000000030E+0	-841.688283665968150E-6	808.553170186252400E-6
144.000000000000030E+0	626.528659997790260E-6	964.371910282462800E-6
145.000000000000030E+0	553.788222722272960E-6	-84.158809055046065E-6
146.000000000000030E+0	-67.068125810878766E-6	60.810892781680529E-6
147.000000000000030E+0	-62.994100231573828E-6	209.253500225990090E-6
148.000000000000030E+0	102.402071057325250E-6	342.591734794595120E-6
149.000000000000030E+0	1.007503973527203E-3	-458.819888603019200E-6
150.000000000000030E+0	-761.332483994278880E-6	-1.733057565177195E-3
151.000000000000030E+0	-1.029709182771898E-3	280.834998783550650E-6
152.000000000000030E+0	-33.436258984746934E-6	94.606641659973482E-6
153.000000000000030E+0	-361.850168366348630E-6	-22.350920586947877E-6
154.000000000000030E+0	184.754179519273140E-6	313.986833662523060E-6
155.000000000000030E+0	183.754558837051700E-6	-314.300089968749410E-6
156.000000000000030E+0	135.777017904097620E-6	-322.159155748673920E-6
157.000000000000030E+0	-278.602104585651040E-6	-482.623127769744060E-6
158.000000000000030E+0	-352.527688130708820E-6	130.693525798556090E-6
159.000000000000030E+0	-57.542113891483429E-6	124.325714642291520E-6
160.000000000000030E+0	79.104847558090518E-6	-158.590678413823370E-6
161.000000000000030E+0	-671.297017483571510E-6	-300.198114764327170E-6
162.000000000000030E+0	-524.477793150774520E-6	608.347480895824870E-6
163.000000000000030E+0	224.351568166608560E-6	470.565124910292710E-6
164.000000000000030E+0	67.071839830168010E-6	-40.765525174667541E-6
165.000000000000030E+0	-12.853340284354014E-6	386.033632908585330E-6
166.000000000000030E+0	270.921349324498450E-6	-131.365875425193260E-6
167.000000000000030E+0	-266.891197604235770E-6	-140.012914055145630E-6
168.000000000000030E+0	-304.665067423426080E-6	12.714452176045326E-6
169.000000000000030E+0	-208.587972427339540E-6	132.948936897771880E-6
170.000000000000030E+0	-5.694995865973864E-6	223.942747585002720E-6
171.000000000000030E+0	358.903191884955560E-6	153.762696844023260E-6
172.000000000000030E+0	301.577639942124120E-6	-223.879575041213260E-6
173.000000000000030E+0	-152.016734839326260E-6	78.974593608732379E-6
174.000000000000030E+0	203.986718480953570E-6	264.391464734881490E-6
175.000000000000030E+0	301.960878376454840E-6	116.307072347259050E-6
176.000000000000030E+0	214.200760106714900E-6	-124.537149614786380E-6
177.000000000000030E+0	113.717778459293850E-6	22.432213171964620E-6
178.000000000000030E+0	60.515179811029658E-6	-103.634981539771940E-6
179.000000000000030E+0	111.421956647544790E-6	-60.475007576923226E-6
180.000000000000030E+0	-207.251335280114720E-6	-321.294711696857440E-6
181.000000000000030E+0	-421.164619788357540E-6	250.870786024730810E-6
182.000000000000030E+0	-147.860861356714020E-6	402.472178239714510E-6
183.000000000000030E+0	228.473906216591360E-6	332.219122131039950E-6
184.000000000000030E+0	222.706586510499950E-6	-287.671554315131260E-6
185.000000000000030E+0	47.206312985462853E-6	-239.270189421609510E-6
186.000000000000030E+0	127.555610416481040E-6	-333.862076077342050E-6
187.000000000000030E+0	-10.891897840559083E-6	-309.941305727439020E-6
188.000000000000030E+0	-59.787856564459114E-6	-362.294911614261490E-6
189.000000000000030E+0	-314.775584098560370E-6	-212.405986540669830E-6
190.000000000000030E+0	-50.663356507418367E-6	9.454323815022042E-6
191.000000000000030E+0	-89.605577306289531E-6	-147.639303771822830E-6
192.000000000000030E+0	-98.710039841843334E-6	3.549299753930683E-6
193.000000000000030E+0	-91.877388520129454E-6	-53.069120538278811E-6
194.000000000000030E+0	-164.174803507529880E-6	42.657691783129934E-6
195.000000000000030E+0	-142.894843513668170E-6	111.064163063302290E-6
196.000000000000030E+0	-47.139702413443752E-6	231.432805429729020E-6
197.000000000000030E+0	196.202730063244050E-6	75.929742811223282E-6
198.000000000000030E+0	44.384144417759287E-6	-92.490733897533447E-6
199.000000000000030E+0	45.846454192318522E-6	117.962156291015640E-6
200.000000000000030E+0	124.109649263184870E-6	20.407354313621943E-6
201.000000000000030E+0	-100.762049763007310E-6	-28.338223678714807E-6
202.000000000000030E+0	-155.000198210436560E-6	31.242491105153597E-6
203.000000000000030E+0	-74.527567214643730E-6	41.868258735984840E-6
204.000000000000030E+0	-119.134915251053700E-6	-12.766229889131824E-6
205.000000000000030E+0	-187.321238875281970E-6	62.423000813506877E-6
206.000000000000030E+0	-137.919223085191510E-6	-70.811107864897661E-6
207.000000000000030E+0	-75.455667456041624E-6	-33.366661482064862E-6
208.000000000000030E+0	-52.667470264902705E-6	-48.624028096159758E-6
209.000000000000030E+0	-487.889938340791930E-6	514.400430061886850E-6
210.000000000000030E+0	-5.186441340441149E-6	856.237858979943850E-6
211.000000000000030E+0	66.213131245505794E-6	152.678091199567030E-6
212.000000000000030E+0	-165.458680062124180E-6	-8.668365865994614E-6
213.000000000000030E+0	-141.847233302729990E-6	75.956495364285848E-6
214.000000000000030E+0	-151.808345667289000E-6	132.310051555452030E-6
215.000000000000030E+0	-265.473333710863320E-6	541.292092950965680E-6
216.000000000000030E+0	239.400488053446660E-6	762.571241114365100E-6
217.000000000000030E+0	242.275181826898990E-6	203.365516420440540E-6
218.000000000000030E+0	43.074645103583977E-6	70.795052852646158E-6
219.000000000000030E+0	140.457526048169460E-6	-47.962106765264231E-6
220.000000000000030E+0	78.551007315336759E-6	-196.858525061088770E-6
221.000000000000030E+0	-168.812982568706120E-6	-162.792427439961280E-6
222.000000000000030E+0	-186.196251677559340E-6	-36.715771412217690E-6
223.000000000000030E+0	-153.578862734313510E-6	-124.218032242447230E-6
224.000000000000030E+0	-98.427822977390322E-6	-124.400019282429920E-6
225.000000000000030E+0	-25.899753945528859E-6	-108.658745007782490E-6
226.000000000000030E+0	-233.260067846575420E-6	-34.657932976349582E-6
227.000000000000030E+0	-309.670777779905320E-6	140.094493599753740E-6
228.000000000000030E+0	-166.790505287028470E-6	20.920497599783914E-6
229.000000000000030E+0	-353.059509715159810E-6	-9.401295933572478E-6
230.000000000000030E+0	-432.579056547969370E-6	150.814217890006500E-6
231.000000000000030E+0	-312.367392716781380E-6	94.086251609831108E-6
232.000000000000030E+0	-174.294475432048650E-6	40.329175618105758E-6
233.000000000000030E+0	-7.824701841472919E-6	-119.984022108676620E-6
234.000000000000030E+0	-36.610280408747400E-6	-331.623483502697810E-6
235.000000000000030E+0	-126.992874244603560E-6	-156.337979906879400E-6
236.000000000000030E+0	-62.028523557457232E-6	-55.432538644731900E-6
237.000000000000030E+0	19.948594383883966E-6	-365.833088518494270E-6
238.000000000000030E+0	94.629920574024499E-6	-719.922257458456370E-6
239.000000000000030E+0	133.531716362751930E-6	-499.458529127355150E-6
240.000000000000030E+0	165.427168792771240E-6	-3.843316097335830E-6
241.000000000000030E+0	204.530864921370060E-6	183.431904064406110E-6
242.000000000000030E+0	207.300261196808350E-6	142.556763828652170E-6
243.000000000000030E+0	16.595976418580283E-6	164.000009774752540E-6
244.000000000000030E+0	168.892756622893320E-6	88.253417100344955E-6
245.000000000000030E+0	298.179609571566600E-6	-219.648805441507620E-6
246.000000000000030E+0	67.155114775472617E-6	-85.573098464626794E-6
247.000000000000030E+0	-42.379717667139517E-6	245.641770660390210E-6
248.000000000000030E+0	19.533670699144661E-6	406.393481760012750E-6
249.000000000000030E+0	568.083518680759410E-6	255.472726770624280E-6
250.000000000000030E+0	756.208852788305110E-6	-103.955277896903900E-6
251.000000000000030E+0	341.611069258289390E-6	95.191340279184296E-6
252.000000000000030E+0	70.450147355594000E-6	116.375072968628800E-6
253.000000000000030E+0	-96.784678675757317E-6	30.911548724052534E-6
254.000000000000030E+0	132.213717612818890E-6	-42.705124427928842E-6
255.000000000000030E+0	402.664959746988970E-6	-559.054721909349810E-6
256.000000000000060E+0	222.543391304084090E-6	-798.144934978870670E-6
257.000000000000060E+0	-218.059650271617740E-6	-386.265547591251640E-6
258.000000000000060E+0	-614.819791736339210E-6	-12.939869581938870E-6
259.000000000000060E+0	-755.534298951388580E-6	-152.730799610498540E-6
260.000000000000060E+0	-492.833483192929060E-6	-436.222341509768540E-6
261.000000000000060E+0	-244.890776825087220E-6	-458.318041061955200E-6
262.000000000000060E+0	165.755245301364680E-6	-105.133307712425550E-6
263.000000000000060E+0	681.731559865973770E-6	88.072519859297218E-6
264.000000000000060E+0	582.504501056790210E-6	55.244338338045611E-6
265.000000000000060E+0	215.950173553920470E-6	-90.624379319057045E-6
266.000000000000060E+0	-63.961391814450777E-6	-151.201482857288310E-6
267.000000000000060E+0	-172.504235455848480E-6	281.247615731626800E-6
268.000000000000060E+0	61.459632359330720E-6	468.338090731847930E-6
269.000000000000060E+0	424.210599765994800E-6	161.328375966206300E-6
270.000000000000060E+0	514.540842105458790E-6	279.886363127548180E-6
271.000000000000060E+0	245.249793658748870E-6	699.763361154356910E-6
272.000000000000060E+0	200.885140733263000E-6	811.913217302606940E-6
273.000000000000060E+0	317.384197343171950E-6	561.023508410533200E-6
274.000000000000060E+0	328.919714433502320E-6	295.364748417973320E-6
275.000000000000060E+0	136.729906209760810E-6	678.633215529648480E-6
276.000000000000060E+0	-568.904407538092860E-6	960.289604185679370E-6
277.000000000000060E+0	-727.134856370095000E-6	300.359558918128510E-6
278.000000000000060E+0	-217.870668549814660E-6	-235.266214219461970E-6
279.000000000000060E+0	-497.429770478614910E-6	67.081341997386252E-6
280.000000000000060E+0	-912.468845929827750E-6	-237.308135842683410E-6
281.000000000000060E+0	-484.769005668494770E-6	38.041548517082941E-6
282.000000000000060E+0	-26.443151656167256E-6	1.107313275561321E-3
283.000000000000060E+0	256.643019499917770E-6	977.043875368400730E-6
284.000000000000060E+0	260.722638686664280E-6	126.277383937051690E-6
285.000000000000060E+0	19.030115448119193E-6	-564.832014518738350E-6
286.000000000000060E+0	-635.353512767864480E-6	-429.435337184996600E-6
287.000000000000060E+0	-1.307024074921715E-3	-382.224444719884630E-6
288.000000000000060E+0	-621.816462727456690E-6	-585.420933623861830E-6
289.000000000000060E+0	227.793009640035760E-6	-111.674073431924890E-6
290.000000000000060E+0	-216.425040184600640E-6	185.631756910358570E-6
291.000000000000060E+0	-115.746691727320790E-6	209.669021354405220E-6
292.000000000000060E+0	1.242134118141022E-3	275.246344689864580E-6
293.000000000000060E+0	2.944239134750924E-3	-695.152477239210920E-6
294.000000000000060E+0	2.467237904157152E-3	-838.686917903381830E-6
295.000000000000060E+0	-156.173454153731290E-6	-802.055719421108930E-6
296.000000000000060E+0	-38.093490879184010E-6	199.053296038104250E-6
297.000000000000060E+0	-473.882787436921620E-6	1.510690677698891E-3
298.000000000000060E+0	-861.953454149521310E-6	-805.271156681876980E-6
299.000000000000060E+0	2.116422316477963E-3	-3.195947923549766E-3
300.000000000000060E+0	4.017096590742922E-3	101.163059582085570E-6
301.000000000000060E+0	1.419945377693236E-3	251.825717943251410E-6
302.000000000000060E+0	583.049044901336970E-6	-3.373885661143294E-3
303.000000000000060E+0	4.682906044576464E-3	-6.245022816323246E-3
304.000000000000060E+0	6.160978169635708E-3	-375.448376593272150E-6
305.000000000000060E+0	3.515478029606108E-3	2.653034167469869E-3
306.000000000000060E+0	23.050853794089093E-3	4.336629001846442E-3
307.000000000000060E+0	3.206272008722369E-3	13.878935484454690E-3
308.000000000000060E+0	20.289155005504773E-3	-10.852004322726351E-3
309.000000000000060E+0	-6.545064710583545E-3	-12.115920364890471E-3
310.000000000000060E+0	-3.045139127614068E-3	-2.650837873425039E-3
311.000000000000060E+0	2.739648480612916E-3	-2.080409409824803E-3
312.000000000000060E+0	3.559917374928783E-3	-774.244154617716520E-6
313.000000000000060E+0	1.981126210164125E-3	-1.091916330939349E-3
314.000000000000060E+0	578.580364825758880E-6	-5.118221428837787E-3
315.000000000000060E+0	9.181728736093634E-3	-5.858181917692836E-3
316.000000000000060E+0	6.705107653346773E-3	666.707175346986930E-6
317.000000000000060E+0	3.248750906359848E-3	217.495160914956680E-6
318.000000000000060E+0	3.154550264669184E-3	-1.333557032204409E-3
319.000000000000060E+0	689.384179516313620E-6	601.755872534763880E-6
320.000000000000060E+0	-2.072504657254425E-3	-119.079133761750920E-6
321.000000000000060E+0	-270.307640437951380E-6	-1.083756389613985E-3
322.000000000000060E+0	-847.896680661276040E-6	-1.243926377844811E-3
323.000000000000060E+0	-126.794194479751830E-6	-2.757988650023619E-3
324.000000000000060E+0	1.522620310829945E-3	-1.669180348668870E-3
325.000000000000060E+0	1.880415282535624E-3	-866.568691387802870E-6
326.000000000000060E+0	1.948439116356221E-3	-161.931574044065730E-6
327.000000000000060E+0	145.203238939837530E-6	-561.575307180900000E-6
328.000000000000060E+0	152.348766800700640E-6	-1.018689535422062E-3
329.000000000000060E+0	-375.599892918546240E-6	-547.034573625519760E-6
330.000000000000060E+0	-50.363673166251209E-6	-913.289765558650400E-6
331.000000000000060E+0	-600.876652712572220E-6	-1.018337383187863E-3
332.000000000000060E+0	-1.163142775606547E-3	-2.129789824954868E-3
333.000000000000060E+0	-253.325665418462290E-6	-2.519433383641256E-3
334.000000000000060E+0	981.794616731355030E-6	-1.147318605196730E-3
335.000000000000060E+0	372.707622537898790E-6	-861.801839269283880E-6
336.000000000000060E+0	1.245779904735683E-3	-808.545668825890970E-6
337.000000000000060E+0	31.617882912577907E-6	1.305367226675818E-3
338.000000000000060E+0	-1.779849185582607E-3	541.815391557353670E-6
339.000000000000060E+0	-641.744717658606890E-6	-801.958083100324660E-6
340.000000000000060E+0	144.903552735092960E-6	-219.678025315128070E-6
341.000000000000060E+0	825.751311814476910E-6	-259.459351660885390E-6
342.000000000000060E+0	977.484625063986720E-6	1.413603670333340E-3
343.000000000000060E+0	-368.557604389345800E-6	1.176001930113114E-3
344.000000000000060E+0	699.638679776757280E-6	1.102528362187972E-3
345.000000000000060E+0	-189.346068154427830E-6	1.868802490588135E-3
346.000000000000060E+0	-1.278449822319799E-3	265.849177618256060E-6
347.000000000000060E+0	-766.976512821608470E-6	522.990450407850640E-6
348.000000000000060E+0	-1.850185162133553E-3	1.180523819261064E-3
349.000000000000060E+0	-1.053705348848452E-3	-157.194369077101360E-6
350.000000000000060E+0	-355.088482933602000E-6	34.583798978074887E-6
351.000000000000060E+0	-116.896305855630520E-6	-760.086378365875510E-6
352.000000000000060E+0	526.617328760120200E-6	561.633878394397980E-6
353.000000000000060E+0	-309.026120802035370E-6	882.302334240031330E-6
354.000000000000060E+0	-376.012715861177520E-6	1.116136278645605E-3
355.000000000000060E+0	-1.401857134183716E-3	988.298925295076970E-6
356.000000000000060E+0	-614.703016378762250E-6	-357.684635616308490E-6
357.000000000000060E+0	753.890828832767510E-6	731.333972549082640E-6
358.000000000000060E+0	-144.889411737619170E-6	466.859762077011600E-6
359.000000000000060E+0	377.236561893382490E-6	-762.451057769989130E-6
360.000000000000060E+0	1.294862178867865E-3	-620.567504386581480E-6
361.000000000000060E+0	390.114279019051080E-6	340.890436440363180E-6
362.000000000000060E+0	378.168270738163780E-6	-639.128966737709620E-6
363.000000000000060E+0	557.148013037407240E-6	1.160076622004353E-3
364.000000000000060E+0	-1.954753129760696E-3	-157.702816151619120E-6
365.000000000000060E+0	-35.678411191065280E-6	-2.263319769986727E-3
366.000000000000060E+0	975.224418674405050E-6	-733.584965458274870E-6
367.000000000000060E+0	1.004364622501529E-3	-74.510371345814304E-6
368.000000000000060E+0	886.794797114045550E-6	1.507437896046228E-3
369.000000000000060E+0	-492.599918665284610E-6	1.627846586767990E-3
370.000000000000060E+0	-1.261107118629349E-3	547.126157359932800E-6
371.000000000000060E+0	-219.745816622218830E-6	-303.477762444339780E-6
372.000000000000060E+0	312.954428476674710E-6	-50.293825889733916E-6
373.000000000000060E+0	970.898644439480930E-6	970.368932194809940E-6
374.000000000000060E+0	-94.270282629759349E-6	720.257269122837270E-6
375.000000000000060E+0	175.107403960925880E-6	-257.396531250645860E-6
376.000000000000060E+0	703.672994366366400E-6	-413.497606119236700E-6
377.000000000000060E+0	107.862998082397580E-6	-15.434248467123983E-6
378.000000000000060E+0	79.545626368363655E-6	-761.828715568189430E-6
379.000000000000060E+0	-309.535467282642480E-6	112.188479597717650E-6
380.000000000000060E+0	-345.178729095028080E-6	-1.287048907439952E-3
381.000000000000060E+0	-260.950733114974900E-6	87.405790316645617E-6
382.000000000000060E+0	-387.211728821034000E-6	-1.326778605775185E-3
383.000000000000060E+0	270.940183012790470E-6	-538.489094862358810E-6
384.000000000000060E+0	466.102467292841330E-6	-58.929776083551656E-6
385.000000000000060E+0	-816.216604691528220E-6	-79.022337588003548E-6
386.000000000000060E+0	242.612370085022020E-6	-1.112866922848245E-3
387.000000000000060E+0	332.746104863980210E-6	75.083486517445118E-6
388.000000000000060E+0	-158.080977563907920E-6	-307.057511052739960E-6
389.000000000000060E+0	85.123957461567703E-6	-125.237911314309630E-6
390.000000000000060E+0	314.756590663094630E-6	-112.121563254204870E-6
391.000000000000060E+0	-263.110500517404050E-6	375.942363784120490E-6
392.000000000000060E+0	-331.796095124347940E-6	-957.147975839169980E-6
393.000000000000060E+0	1.103255539811397E-3	-572.127424354770800E-6
394.000000000000060E+0	684.808639938623760E-6	819.993203048705220E-6
395.000000000000060E+0	-608.508093821217080E-6	-368.452137270626250E-6
396.000000000000060E+0	1.304847748747437E-3	-809.397497604982940E-6
397.000000000000060E+0	893.834595660952020E-6	722.419605079992370E-6
398.000000000000060E+0	202.525240131562990E-6	921.064937770748730E-6
399.000000000000060E+0	-1.877631625320719E-3	1.868395127933523E-3
400.000000000000060E+0	-2.231298374603070E-3	-1.893269409348455E-3
401.000000000000060E+0	865.406044149470200E-6	1.049368714852193E-6
402.000000000000060E+0	-992.929478870722410E-6	-195.803315505822760E-6
403.000000000000060E+0	266.043391835654780E-6	-551.061682754137770E-6
404.000000000000060E+0	80.415237939178799E-6	-562.862716277156640E-6
405.000000000000060E+0	76.443035458717586E-6	418.945314060618870E-6
406.000000000000060E+0	-802.812978014016420E-6	-1.572873560295372E-3
407.000000000000060E+0	1.048677304052488E-3	651.881578219213170E-6
408.000000000000060E+0	-643.142939629975150E-6	-997.012606110455040E-6
409.000000000000060E+0	1.296382142567002E-3	1.268431831453294E-3
410.000000000000060E+0	-896.332078943039720E-6	873.351070956480890E-6
411.000000000000060E+0	-905.044803163589050E-6	607.200328270707400E-6
412.000000000000060E+0	-519.327302768443550E-6	-1.100814534712880E-3
413.000000000000060E+0	431.819426582199580E-6	-263.675931601867430E-6
414.000000000000060E+0	1.606603511972235E-3	57.424147511626880E-6
415.000000000000060E+0	-521.863821929464820E-6	783.884792717963640E-6
416.000000000000060E+0	1.004053678742652E-3	-953.888744346273490E-6
417.000000000000060E+0	1.076064521159097E-3	1.257377420333410E-3
418.000000000000060E+0	-2.174246964695794E-3	-1.816296202879017E-3
419.000000000000060E+0	3.754729239790257E-3	-1.953774801903489E-3
420.000000000000060E+0	469.657582441180850E-6	632.733164063126160E-6
421.000000000000060E+0	823.242186036150530E-6	-601.589339427009420E-6
422.000000000000060E+0	1.955390688002305E-3	-247.393123211389170E-6
423.000000000000060E+0	-358.941841561341930E-6	1.476755836315008E-3
424.000000000000060E+0	468.775286948832310E-6	-282.547468162422310E-6
425.000000000000060E+0	-286.801231858015090E-6	136.786185774031540E-6
426.000000000000060E+0	2.041360496744881E-3	-783.126253972851520E-6
427.000000000000060E+0	770.739670355457550E-6	2.632334634143774E-3
428.000000000000060E+0	-1.663373620057138E-3	1.078739510804289E-3
429.000000000000060E+0	726.545072317921390E-6	-1.141288911511785E-3
430.000000000000060E+0	175.247299108027800E-6	2.249184908520998E-3
431.000000000000060E+0	-1.175487422600428E-3	16.934552244342524E-6
432.000000000000060E+0	-305.187411352959460E-6	-637.581273517949200E-6
433.000000000000060E+0	1.195307558624457E-3	274.305947955163230E-6
434.000000000000060E+0	-2.067151444093431E-3	877.408731046098210E-6
435.000000000000060E+0	512.888171444131540E-6	-1.869025940202141E-3
436.000000000000060E+0	1.696377774508999E-3	-507.108636013451140E-6
437.000000000000060E+0	-419.698605391127450E-6	3.660422250925764E-3
438.000000000000060E+0	-429.695027393270930E-6	-2.208428538319095E-3
439.000000000000060E+0	133.509744984367220E-6	1.351172302268516E-3
440.000000000000060E+0	1.048496256202916E-3	370.916814829734770E-6
441.000000000000060E+0	-1.025506189601079E-3	836.154683683372260E-6
442.000000000000060E+0	-1.673039946279486E-3	1.492271363412277E-3
443.000000000000060E+0	-117.742703638098670E-6	-2.639897652427584E-3
444.000000000000060E+0	570.193358603195950E-6	1.952478674286751E-3
445.000000000000060E+0	-1.202795813447840E-3	-123.566911759607870E-6
446.000000000000060E+0	1.787581643800810E-3	-1.177051919093497E-3
447.000000000000060E+0	-1.879738320888138E-3	3.391110252437414E-3
448.000000000000060E+0	-1.706743952625426E-3	-1.932884014160622E-3
449.000000000000060E+0	-2.005603942371971E-3	-568.268641462390720E-6
450.000000000000060E+0	2.624101014582687E-3	-3.164575736444060E-3
451.000000000000060E+0	-2.266951707703885E-3	2.031030715037352E-3
452.000000000000060E+0	1.705632213152948E-3	-1.333099459517533E-3
453.000000000000060E+0	-928.947505554597160E-6	898.183530932629770E-6
454.000000000000060E+0	-865.693103194976610E-6	1.038559556046433E-3
455.000000000000060E+0	-2.091728560962393E-3	-1.687132852474995E-3
456.000000000000060E+0	3.121756955497899E-3	-229.674850917381580E-6
457.000000000000060E+0	-2.940067752659592E-3	2.027189655267976E-3
458.000000000000060E+0	2.917018524886270E-3	-903.241254481087080E-6
459.000000000000060E+0	-3.406681567788419E-3	4.026443732881737E-3
460.000000000000060E+0	-611.489095682736040E-6	-6.919688749998116E-3
461.000000000000060E+0	2.588398547001566E-3	5.174949449190935E-3
462.000000000000060E+0	-2.105006594796830E-3	-2.530963855780805E-3
463.000000000000060E+0	-223.633940509869220E-6	3.372948000038916E-3
464.000000000000060E+0	-3.954427155857540E-3	-5.016842287175114E-3
465.000000000000060E+0	4.344332631682748E-3	919.559960162672270E-6
466.000000000000060E+0	-3.870161275707847E-3	1.624145391661057E-3
467.000000000000060E+0	4.983219970806052E-3	-3.509447640904291E-3
468.000000000000060E+0	-1.539132641155136E-3	7.307159032041054E-3
469.000000000000060E+0	-2.925074046831444E-3	-6.076869598356038E-3
470.000000000000060E+0	2.583117628560332E-3	-1.993878294742631E-3
471.000000000000060E+0	-3.314036188012168E-3	2.441707255057178E-3
472.000000000000060E+0	5.821277152067077E-3	-6.514019685063942E-3
473.000000000000060E+0	378.065168440044650E-6	9.333329327921547E-3
474.000000000000060E+0	-3.960725745597849E-3	-2.711670419115996E-3
475.000000000000060E+0	5.810042088247544E-3	-1.110615696391786E-3
476.000000000000060E+0	-5.766024700434677E-3	2.142134398431057E-3
477.000000000000060E+0	10.653742114412503E-3	-754.467628833939770E-6
478.000000000000060E+0	-7.859732147906445E-3	1.971766848677886E-3
479.000000000000060E+0	2.023268790079679E-3	-3.808879233556003E-3
480.000000000000060E+0	1.505570541541052E-3	2.309305932239443E-3
481.000000000000060E+0	-3.449924956619580E-3	-142.915528774243820E-6
482.000000000000060E+0	4.438846335363798E-3	190.555259469904410E-6
483.000000000000060E+0	-1.740990405282309E-3	4.108501868207088E-3
484.000000000000060E+0	2.790531039642519E-3	-2.454806410994099E-3
485.000000000000060E+0	-4.811826587306111E-3	5.918852994509499E-3
486.000000000000060E+0	-2.700022915134294E-3	-10.914906468287026E-3
487.000000000000060E+0	6.592021322185556E-3	1.037400024350513E-3
488.000000000000060E+0	-1.414688227902803E-3	12.201665280156503E-3
489.000000000000060E+0	-10.324125914926778E-3	-2.639720263875965E-3
490.000000000000060E+0	1.647145881598347E-3	8.068060808692419E-3
491.000000000000060E+0	-1.073484662023265E-3	-10.394170063351782E-3
492.000000000000060E+0	-997.844409301595770E-6	13.451275232674894E-3
493.000000000000060E+0	631.040438565845020E-6	-6.083311591190168E-3
494.000000000000060E+0	-37.297361691202340E-3	-603.641517449891670E-6
495.000000000000060E+0	6.812842362400730E-3	63.910409679196698E-6
496.000000000000060E+0	-5.232758060897884E-3	-16.585088037999612E-3
497.000000000000060E+0	5.751651914349045E-3	2.990647100924514E-3
498.000000000000060E+0	2.003567089307033E-3	-26.563761269596132E-3
499.000000000000060E+0	-20.344789272591479E-3	24.289834668146465E-3
500.000000000000060E+0	-46.164424060364535E-3	4.792025491847532E-3
