Freq (Hz)	micro/hp_Mod	micro/hp_Phase(rad)
49.000000000000007E+0	191.279415151120490E-3	-23.995317092791360E+0
50.000000000000007E+0	173.173066194801720E-3	-23.567322693368929E+0
51.000000000000007E+0	3.957013041604091E+0	-24.377196639213782E+0
52.000000000000007E+0	154.446594220528620E-3	-22.697778088136772E+0
53.000000000000007E+0	67.960139845039583E-3	-23.774059973110841E+0
54.000000000000007E+0	125.176002359612900E-3	-25.825776222089470E+0
55.000000000000007E+0	143.577093199323440E-3	-22.773204508289883E+0
56.000000000000007E+0	106.510951003404490E-3	-25.804817433008917E+0
57.000000000000007E+0	40.701474574970233E-3	-28.696535791168550E+0
58.000000000000007E+0	69.975868168156707E-3	-25.745433957504954E+0
59.000000000000007E+0	74.135541715974557E-3	-28.880696751335694E+0
60.000000000000007E+0	62.008829967401251E-3	-26.066896125761726E+0
61.000000000000007E+0	63.041507495365467E-3	-28.361822065819055E+0
62.000000000000007E+0	41.307843237208632E-3	-30.419000152112584E+0
63.000000000000007E+0	18.375762827775595E-3	-30.449984564584991E+0
64.000000000000014E+0	43.949248608611491E-3	-33.346907987337403E+0
65.000000000000014E+0	40.287246188387901E-3	-36.307208511835647E+0
66.000000000000014E+0	23.822193470526904E-3	-34.087036060433512E+0
67.000000000000014E+0	22.507563884953560E-3	-36.862487064068340E+0
68.000000000000014E+0	11.651937619977839E-3	-38.350617324155380E+0
69.000000000000014E+0	11.441556909633372E-3	-39.241543970298196E+0
70.000000000000014E+0	8.410519747569119E-3	-41.220670572720167E+0
71.000000000000014E+0	5.875421050497515E-3	-39.503463853781874E+0
72.000000000000014E+0	9.423271199850933E-3	-41.577520766044302E+0
73.000000000000014E+0	7.589195151171673E-3	-43.038680295733343E+0
74.000000000000014E+0	10.047299445535717E-3	-44.204566858457255E+0
75.000000000000014E+0	11.721254885069650E-3	-46.119689577747607E+0
76.000000000000014E+0	5.931956397157844E-3	-46.701425263690162E+0
77.000000000000014E+0	14.511387671346687E-3	-47.999210826453151E+0
78.000000000000014E+0	6.545027100135404E-3	-49.263860361085769E+0
79.000000000000014E+0	14.358234538988891E-3	-49.569616180447127E+0
80.000000000000014E+0	11.096618373606119E-3	-51.249960050727196E+0
81.000000000000014E+0	11.294998966581605E-3	-52.418793351139605E+0
82.000000000000014E+0	15.067419714418275E-3	-54.854935718869932E+0
83.000000000000014E+0	4.848215951189837E-3	-57.488353769411567E+0
84.000000000000014E+0	5.902170140566197E-3	-56.053670867949890E+0
85.000000000000014E+0	3.846965379686678E-3	-57.129422910791099E+0
86.000000000000014E+0	5.483761467777515E-3	-57.754561353273431E+0
87.000000000000014E+0	5.127922054143747E-3	-59.588194810690140E+0
88.000000000000014E+0	1.972536447320397E-3	-58.419893400614114E+0
89.000000000000014E+0	5.819743431049931E-3	-55.659402368619361E+0
90.000000000000014E+0	4.821785232246514E-3	-52.685609318072451E+0
91.000000000000014E+0	2.955015747292701E-3	-51.511222553743849E+0
92.000000000000014E+0	7.969077058618757E-3	-54.598628545508006E+0
93.000000000000014E+0	9.045055588491075E-3	-56.718534569722252E+0
94.000000000000014E+0	7.586974182460284E-3	-59.082313005871683E+0
95.000000000000014E+0	7.742349295705765E-3	-56.173504382957191E+0
96.000000000000014E+0	6.760561049784741E-3	-58.875139540457752E+0
97.000000000000014E+0	2.042116125217112E-3	-56.187877331483307E+0
98.000000000000014E+0	3.412401848650038E-3	-59.131086058835635E+0
99.000000000000014E+0	12.794381990644341E-3	-57.190252294667182E+0
100.000000000000010E+0	24.025064466491917E-3	-59.281992684737155E+0
101.000000000000010E+0	10.577429935905302E-3	-61.335095152776653E+0
102.000000000000010E+0	4.143142314117308E-3	-64.440130525752536E+0
103.000000000000010E+0	4.165281743421091E-3	-66.500142518514792E+0
104.000000000000010E+0	1.438836976993026E-3	-64.305620296435109E+0
105.000000000000010E+0	2.678459904883970E-3	-65.545300844487926E+0
106.000000000000010E+0	3.826079994856399E-3	-67.226687175063290E+0
107.000000000000010E+0	4.016501413174526E-3	-69.852017258156934E+0
108.000000000000010E+0	4.762619559906560E-3	-72.185209571799916E+0
109.000000000000010E+0	5.460303995267753E-3	-74.930206608785525E+0
110.000000000000010E+0	7.780619912269599E-3	-77.043380410864913E+0
111.000000000000010E+0	8.430886354931760E-3	-78.576113233141768E+0
112.000000000000010E+0	3.635380102399961E-3	-80.463013758560535E+0
113.000000000000010E+0	4.473720797406687E-3	-79.044151759188679E+0
114.000000000000010E+0	7.415923501163850E-3	-81.315140153428302E+0
115.000000000000010E+0	15.644988146558562E-3	-83.882696493505293E+0
116.000000000000010E+0	19.550787705597199E-3	-85.984536193972374E+0
117.000000000000010E+0	5.870080259219455E-3	-88.039154280942924E+0
118.000000000000010E+0	3.703863023106449E-3	-86.589472143858231E+0
119.000000000000010E+0	2.359036418428634E-3	-88.699102163747767E+0
120.000000000000010E+0	1.586553326397352E-3	-90.929837045594695E+0
121.000000000000010E+0	2.121974513346267E-3	-92.334060828477661E+0
122.000000000000010E+0	671.074785392503110E-6	-94.102752124984420E+0
123.000000000000010E+0	1.521455404562708E-3	-91.815405997143060E+0
124.000000000000010E+0	708.813290738851480E-6	-93.088458473892032E+0
125.000000000000010E+0	1.726715261214334E-3	-92.206572339081077E+0
126.000000000000010E+0	2.572109468403988E-3	-93.254955393358458E+0
127.000000000000010E+0	3.327682680161610E-3	-93.932017428473486E+0
128.000000000000030E+0	3.501066326781234E-3	-95.254621082092285E+0
129.000000000000030E+0	2.015570010501407E-3	-97.227479720891296E+0
130.000000000000030E+0	1.611571704425733E-3	-98.866776379257047E+0
131.000000000000030E+0	1.753632075104831E-3	-100.077381708509930E+0
132.000000000000030E+0	1.039900295947455E-3	-101.763565103204310E+0
133.000000000000030E+0	550.033109969222220E-6	-103.614846875042890E+0
134.000000000000030E+0	151.142207268362410E-6	-105.898107376683510E+0
135.000000000000030E+0	736.656243732065160E-6	-103.477175223773160E+0
136.000000000000030E+0	925.756321159233880E-6	-104.946170278874600E+0
137.000000000000030E+0	1.451055360438327E-3	-105.905096082172680E+0
138.000000000000030E+0	2.305002366286554E-3	-107.676476591426540E+0
139.000000000000030E+0	1.663164842227090E-3	-109.619243117084350E+0
140.000000000000030E+0	379.568811739910040E-6	-106.921802825636890E+0
141.000000000000030E+0	843.374612157153020E-6	-109.227369441180220E+0
142.000000000000030E+0	429.402683717345220E-6	-109.989729355078200E+0
143.000000000000030E+0	543.827731723841870E-6	-111.218379679891810E+0
144.000000000000030E+0	571.286808118426940E-6	-112.926113514737680E+0
145.000000000000030E+0	360.493359987363520E-6	-113.216970606700910E+0
146.000000000000030E+0	494.488488908462940E-6	-114.479098227908580E+0
147.000000000000030E+0	603.395632430049040E-6	-117.346398315507290E+0
148.000000000000030E+0	623.143673944885300E-6	-119.512056045423430E+0
149.000000000000030E+0	1.031723829594676E-3	-122.451580249692570E+0
150.000000000000030E+0	1.488818337964980E-3	-124.018162218054070E+0
151.000000000000030E+0	849.658965924423880E-6	-125.174612127417970E+0
152.000000000000030E+0	384.128053087991110E-6	-125.990881856103730E+0
153.000000000000030E+0	140.910724872993580E-6	-126.187869170471790E+0
154.000000000000030E+0	171.522304994986070E-6	-126.136227979119820E+0
155.000000000000030E+0	159.246634903903090E-6	-126.584730741563120E+0
156.000000000000030E+0	147.582008455944380E-6	-127.252515107212080E+0
157.000000000000030E+0	210.936539746517750E-6	-127.183779626389810E+0
158.000000000000030E+0	197.786375317675380E-6	-128.429128044736360E+0
159.000000000000030E+0	109.586551372313050E-6	-125.979005386042520E+0
160.000000000000030E+0	181.870012720675120E-6	-127.108310207674780E+0
161.000000000000030E+0	223.565185041099390E-6	-127.895152562569110E+0
162.000000000000030E+0	123.694964061625460E-6	-129.090369433907850E+0
163.000000000000030E+0	53.967775302660390E-6	-129.545960466603250E+0
164.000000000000030E+0	130.331943413342420E-6	-129.421419783419310E+0
165.000000000000030E+0	186.868428453035100E-6	-131.232970967324890E+0
166.000000000000030E+0	174.102062526581930E-6	-133.731591726346780E+0
167.000000000000030E+0	116.106409382155160E-6	-134.811004190492010E+0
168.000000000000030E+0	134.646164059895890E-6	-135.583647876812560E+0
169.000000000000030E+0	78.304037114521445E-6	-137.171581855194350E+0
170.000000000000030E+0	62.203725147501752E-6	-137.479994120259310E+0
171.000000000000030E+0	146.711583473052040E-6	-137.960365733041410E+0
172.000000000000030E+0	256.666574825675240E-6	-139.283668761490650E+0
173.000000000000030E+0	243.507811588587990E-6	-141.130610301249250E+0
174.000000000000030E+0	206.715650830039790E-6	-143.062300675718180E+0
175.000000000000030E+0	222.602163076278520E-6	-144.489647022838680E+0
176.000000000000030E+0	281.710189113425130E-6	-146.066133732210290E+0
177.000000000000030E+0	277.183032809959470E-6	-147.843974783166320E+0
178.000000000000030E+0	158.519474792352740E-6	-149.516155193994620E+0
179.000000000000030E+0	81.043413079114713E-6	-150.984316553149370E+0
180.000000000000030E+0	231.253654684091720E-6	-152.188963887509520E+0
181.000000000000030E+0	321.054759478103760E-6	-153.554502502574620E+0
182.000000000000030E+0	136.851646334490600E-6	-155.223937253578190E+0
183.000000000000030E+0	73.186827520741263E-6	-157.192829378400460E+0
184.000000000000030E+0	64.728604829984580E-6	-156.808277284701180E+0
185.000000000000030E+0	107.850580284073160E-6	-156.829253447244980E+0
186.000000000000030E+0	88.235759425970553E-6	-158.526593259839160E+0
187.000000000000030E+0	29.150489953673045E-6	-160.917847538423360E+0
188.000000000000030E+0	120.496005677330870E-6	-163.779452227038600E+0
189.000000000000030E+0	180.323547329080040E-6	-165.001094718003460E+0
190.000000000000030E+0	181.351099537633680E-6	-166.941830612772580E+0
191.000000000000030E+0	151.741748296871240E-6	-169.121491686240600E+0
192.000000000000030E+0	167.934687133654370E-6	-170.619177042870550E+0
193.000000000000030E+0	251.312954038516000E-6	-170.647876220857110E+0
194.000000000000030E+0	287.207555189435970E-6	-170.970759126456130E+0
195.000000000000030E+0	148.421697590298470E-6	-171.440628437362190E+0
196.000000000000030E+0	69.891197400525612E-6	-171.028560281569130E+0
197.000000000000030E+0	107.436540146893580E-6	-171.284529786748750E+0
198.000000000000030E+0	100.944424337389120E-6	-170.836999741420950E+0
199.000000000000030E+0	72.259957018588889E-6	-169.321859519886600E+0
200.000000000000030E+0	217.268774642401090E-6	-169.527549887297990E+0
201.000000000000030E+0	83.230149047849733E-6	-170.091374605400260E+0
202.000000000000030E+0	69.973757441356410E-6	-168.755392015338430E+0
203.000000000000030E+0	116.693697699368320E-6	-169.160216067356800E+0
204.000000000000030E+0	175.355739560218540E-6	-169.290665758956810E+0
205.000000000000030E+0	103.043030561987510E-6	-170.221605395046230E+0
206.000000000000030E+0	220.355895176316120E-6	-173.038628469716290E+0
207.000000000000030E+0	302.225534458387200E-6	-174.305609320138050E+0
208.000000000000030E+0	262.079101504739100E-6	-175.352356770509570E+0
209.000000000000030E+0	195.960616826086720E-6	-175.181212201010570E+0
210.000000000000030E+0	88.051087935825465E-6	-175.338015992948950E+0
211.000000000000030E+0	140.362105323714070E-6	-172.774404750106980E+0
212.000000000000030E+0	143.230544336296790E-6	-172.821375782335910E+0
213.000000000000030E+0	48.841509466139444E-6	-172.923593386639570E+0
214.000000000000030E+0	30.155400682366591E-6	-171.283234225451110E+0
215.000000000000030E+0	393.133031923171450E-6	-174.231689425252680E+0
216.000000000000030E+0	622.064330239199350E-6	-175.005368339501640E+0
217.000000000000030E+0	244.482014905705270E-6	-175.439564276611350E+0
218.000000000000030E+0	194.390567290742930E-6	-174.609284429141410E+0
219.000000000000030E+0	273.480084732506540E-6	-175.449554902308250E+0
220.000000000000030E+0	289.087612989713560E-6	-176.301871643126590E+0
221.000000000000030E+0	132.458079378710290E-6	-176.510399138284380E+0
222.000000000000030E+0	180.940999241974200E-6	-173.992163477247910E+0
223.000000000000030E+0	432.022811745526810E-6	-174.188087414342560E+0
224.000000000000030E+0	330.391582799659850E-6	-174.569726264771250E+0
225.000000000000030E+0	137.402314730937830E-6	-173.867966551413790E+0
226.000000000000030E+0	92.811764960886697E-6	-173.467809852142300E+0
227.000000000000030E+0	49.295780472930880E-6	-175.239331282036030E+0
228.000000000000030E+0	199.980196636069590E-6	-175.584655865688150E+0
229.000000000000030E+0	166.896549394945750E-6	-175.882741123812200E+0
230.000000000000030E+0	132.919862208660810E-6	-176.420313696475740E+0
231.000000000000030E+0	183.263878159581590E-6	-177.427174963464890E+0
232.000000000000030E+0	160.559146296084360E-6	-177.633272987694570E+0
233.000000000000030E+0	149.870736695556420E-6	-177.366069369897620E+0
234.000000000000030E+0	50.644738446068818E-6	-177.537344581717240E+0
235.000000000000030E+0	105.006539593325770E-6	-175.464094451277900E+0
236.000000000000030E+0	97.461991915470965E-6	-175.196010761123740E+0
237.000000000000030E+0	263.905629831957630E-6	-174.490707393855760E+0
238.000000000000030E+0	262.017608821646600E-6	-176.025119802289230E+0
239.000000000000030E+0	368.407406327420560E-6	-177.417243948106200E+0
240.000000000000030E+0	250.774125147316390E-6	-177.564801439705460E+0
241.000000000000030E+0	290.337703213019770E-6	-177.434803141316110E+0
242.000000000000030E+0	47.292016382450979E-6	-176.010130459568300E+0
243.000000000000030E+0	256.871742034501590E-6	-174.924125607654900E+0
244.000000000000030E+0	182.699287739696770E-6	-174.497333437829010E+0
245.000000000000030E+0	273.232269198501910E-6	-173.460876469542710E+0
246.000000000000030E+0	444.063136453864180E-6	-173.740946346885660E+0
247.000000000000030E+0	136.034488533490290E-6	-174.999031175384000E+0
248.000000000000030E+0	240.962162688097610E-6	-177.349485761101050E+0
249.000000000000030E+0	308.651067192161950E-6	-178.557729660896880E+0
250.000000000000030E+0	362.224583101983280E-6	-179.032715739241210E+0
251.000000000000030E+0	146.658705647823870E-6	-178.566879096994030E+0
252.000000000000030E+0	270.961800221322970E-6	-177.609874690471600E+0
253.000000000000030E+0	206.396512126125410E-6	-178.334396169005170E+0
254.000000000000030E+0	76.903772517173581E-6	-180.421859320254240E+0
255.000000000000030E+0	205.009701368526820E-6	-182.146496531884370E+0
256.000000000000060E+0	232.297457669147740E-6	-182.504278415514020E+0
257.000000000000060E+0	148.129769264917110E-6	-182.390919222957280E+0
258.000000000000060E+0	176.407356645315990E-6	-181.595322389905850E+0
259.000000000000060E+0	124.063274300920890E-6	-180.639609331003580E+0
260.000000000000060E+0	244.598806901549220E-6	-179.455108702253400E+0
261.000000000000060E+0	172.505109944480510E-6	-179.790960725085370E+0
262.000000000000060E+0	220.132250518210230E-6	-181.164433431866710E+0
263.000000000000060E+0	388.283269078782760E-6	-181.137457016080760E+0
264.000000000000060E+0	532.563693703439420E-6	-180.831778446500810E+0
265.000000000000060E+0	407.974403551330990E-6	-181.454468291914420E+0
266.000000000000060E+0	417.320281557012730E-6	-182.463632648535570E+0
267.000000000000060E+0	298.766235675432840E-6	-182.066191171815860E+0
268.000000000000060E+0	360.010322349103370E-6	-180.255807911780750E+0
269.000000000000060E+0	697.027897738117810E-6	-179.798743574379760E+0
270.000000000000060E+0	324.106237234009190E-6	-180.100203864772680E+0
271.000000000000060E+0	276.103734532806040E-6	-180.342415945094980E+0
272.000000000000060E+0	419.043592459385390E-6	-180.204141545205170E+0
273.000000000000060E+0	412.646435546227580E-6	-182.448383950929380E+0
274.000000000000060E+0	589.023111719384330E-6	-182.777925420654160E+0
275.000000000000060E+0	95.971765009988320E-6	-182.763386808830520E+0
276.000000000000060E+0	85.318730499872776E-6	-185.543345720441040E+0
277.000000000000060E+0	240.811817941671710E-6	-186.033894197602960E+0
278.000000000000060E+0	515.149790252004470E-6	-185.934287047783530E+0
279.000000000000060E+0	708.510620784325290E-6	-185.811235143119490E+0
280.000000000000060E+0	515.945182539565790E-6	-185.752538136124660E+0
281.000000000000060E+0	168.055150568251240E-6	-188.746429302985010E+0
282.000000000000060E+0	604.648376370804590E-6	-189.082312035590860E+0
283.000000000000060E+0	385.047021040532020E-6	-189.040770826702530E+0
284.000000000000060E+0	828.642898260372970E-6	-187.201507892274290E+0
285.000000000000060E+0	1.108064536612963E-3	-187.479202656601390E+0
286.000000000000060E+0	608.347277034889680E-6	-188.345903142288360E+0
287.000000000000060E+0	320.012066865176480E-6	-189.597959765968820E+0
288.000000000000060E+0	297.673534374600380E-6	-190.664045233231630E+0
289.000000000000060E+0	1.016205221569940E-3	-191.064540381315000E+0
290.000000000000060E+0	1.038956359439305E-3	-191.181160230291450E+0
291.000000000000060E+0	501.771793284187390E-6	-192.746575734227010E+0
292.000000000000060E+0	64.795253849455174E-6	-192.309634856003470E+0
293.000000000000060E+0	452.954017149641830E-6	-189.516786955025850E+0
294.000000000000060E+0	402.865570002750430E-6	-187.012595961032360E+0
295.000000000000060E+0	697.038162393008740E-6	-185.506682307923060E+0
296.000000000000060E+0	565.299245650412020E-6	-184.324363470215130E+0
297.000000000000060E+0	1.450467924904737E-3	-182.932656906192420E+0
298.000000000000060E+0	1.529022921886933E-3	-182.984730519780640E+0
299.000000000000060E+0	1.648252320234522E-3	-183.788343522962780E+0
300.000000000000060E+0	1.709874367718008E-3	-183.751009078093430E+0
301.000000000000060E+0	313.258640388923380E-6	-182.022643392034270E+0
302.000000000000060E+0	739.085336822574610E-6	-181.041190079024430E+0
303.000000000000060E+0	1.062538458922793E-3	-181.835897594984260E+0
304.000000000000060E+0	842.179036532184050E-6	-181.754234451635620E+0
305.000000000000060E+0	272.106702247696230E-6	-182.947898623509450E+0
306.000000000000060E+0	498.361448415831380E-6	-183.261115087216240E+0
307.000000000000060E+0	855.753815194268540E-6	-183.406829662492700E+0
308.000000000000060E+0	441.225424396502970E-6	-183.278794558805830E+0
309.000000000000060E+0	812.459065062851880E-6	-185.236084309797460E+0
310.000000000000060E+0	1.358937297785160E-3	-185.059465338249790E+0
311.000000000000060E+0	1.054861552156593E-3	-185.222126571542420E+0
312.000000000000060E+0	107.780551211408860E-6	-186.479687204426430E+0
313.000000000000060E+0	1.126448349495327E-3	-188.026399143808280E+0
314.000000000000060E+0	1.038183265387714E-3	-188.134989338145520E+0
315.000000000000060E+0	1.319369690163516E-3	-188.183197217253930E+0
316.000000000000060E+0	1.527036903546085E-3	-187.555526495277830E+0
317.000000000000060E+0	1.253444782774104E-3	-186.489835956698670E+0
318.000000000000060E+0	611.706246429172480E-6	-185.127126217528430E+0
319.000000000000060E+0	73.692187649794600E-6	-183.196816960719700E+0
320.000000000000060E+0	123.063384533101570E-6	-184.789976187317390E+0
321.000000000000060E+0	498.262849196843240E-6	-182.366902839731920E+0
322.000000000000060E+0	432.471710489893940E-6	-181.136942733290250E+0
323.000000000000060E+0	41.825098988122109E-6	-179.867699648708110E+0
324.000000000000060E+0	709.884335030504890E-6	-180.479222604861380E+0
325.000000000000060E+0	881.158590246741290E-6	-179.936789304723390E+0
326.000000000000060E+0	679.196599430214200E-6	-179.897389141760040E+0
327.000000000000060E+0	368.374182364511710E-6	-178.770051327696480E+0
328.000000000000060E+0	455.553344668841950E-6	-175.796635054355560E+0
329.000000000000060E+0	306.857403053485340E-6	-174.186251859790760E+0
330.000000000000060E+0	349.593562666417890E-6	-171.527003124090210E+0
331.000000000000060E+0	266.939475534384980E-6	-171.207692604832430E+0
332.000000000000060E+0	382.681567626686220E-6	-170.086786433582520E+0
333.000000000000060E+0	619.013475285969400E-6	-168.939508510776930E+0
334.000000000000060E+0	312.563426781704080E-6	-169.232736669033070E+0
335.000000000000060E+0	749.504561609411870E-6	-169.511106646146800E+0
336.000000000000060E+0	666.062855010725770E-6	-168.456487287614610E+0
337.000000000000060E+0	346.933009765887000E-6	-167.026808334746250E+0
338.000000000000060E+0	110.511217728139460E-6	-166.751809804903050E+0
339.000000000000060E+0	263.393716764927090E-6	-168.548109109387040E+0
340.000000000000060E+0	841.528768573016890E-6	-167.869686349023480E+0
341.000000000000060E+0	1.012347218536953E-3	-167.058623137223410E+0
342.000000000000060E+0	534.672162019078960E-6	-166.645358149826420E+0
343.000000000000060E+0	307.424153135244870E-6	-166.883669820319310E+0
344.000000000000060E+0	306.592888206604520E-6	-166.661937331757430E+0
345.000000000000060E+0	411.067076860940560E-6	-167.494647689997610E+0
346.000000000000060E+0	773.749964899581900E-6	-167.210558556011700E+0
347.000000000000060E+0	295.649769784962920E-6	-167.058494086207250E+0
348.000000000000060E+0	196.986032783117330E-6	-166.934869014039180E+0
349.000000000000060E+0	506.047610559168250E-6	-164.644517607010500E+0
350.000000000000060E+0	334.432968714866690E-6	-163.611841477669800E+0
351.000000000000060E+0	236.334666866118770E-6	-165.441798337264340E+0
352.000000000000060E+0	232.013831149088540E-6	-164.240859429824980E+0
353.000000000000060E+0	152.708484857447450E-6	-163.362732388415540E+0
354.000000000000060E+0	120.854475940809080E-6	-162.737279527865750E+0
355.000000000000060E+0	182.687891368781560E-6	-159.833557673615130E+0
356.000000000000060E+0	318.943455433218620E-6	-159.755924469981810E+0
357.000000000000060E+0	102.192485989148200E-6	-159.009636960022080E+0
358.000000000000060E+0	194.474650397740880E-6	-161.934525639166310E+0
359.000000000000060E+0	191.266785212079300E-6	-163.926472612696840E+0
360.000000000000060E+0	581.600973845173160E-6	-163.235627201992600E+0
361.000000000000060E+0	463.566630111617180E-6	-162.276387657273010E+0
362.000000000000060E+0	332.291809270505720E-6	-160.989674983308870E+0
363.000000000000060E+0	394.707450177357250E-6	-159.515917788993870E+0
364.000000000000060E+0	288.016775343927130E-6	-158.213566841704420E+0
365.000000000000060E+0	184.382470901905330E-6	-156.130765369548330E+0
366.000000000000060E+0	267.002443728295230E-6	-155.533043673285530E+0
367.000000000000060E+0	334.522553785433170E-6	-155.690423545673210E+0
368.000000000000060E+0	528.464430161140840E-6	-155.619841518749550E+0
369.000000000000060E+0	503.072925340681170E-6	-154.285241570792320E+0
370.000000000000060E+0	141.391864958498910E-6	-151.604092844608690E+0
371.000000000000060E+0	132.461870388266840E-6	-154.561721109845650E+0
372.000000000000060E+0	506.543451442275090E-6	-157.179016223583150E+0
373.000000000000060E+0	610.962400893776780E-6	-155.750723560219570E+0
374.000000000000060E+0	247.459782360978140E-6	-155.228679722035280E+0
375.000000000000060E+0	593.710961543151750E-6	-154.925797067284550E+0
376.000000000000060E+0	694.260875799272330E-6	-153.770507694081170E+0
377.000000000000060E+0	423.843562853890530E-6	-152.189251946215310E+0
378.000000000000060E+0	210.658711304215710E-6	-154.276906494493800E+0
379.000000000000060E+0	748.157127281302310E-6	-152.807736233987550E+0
380.000000000000060E+0	791.878466217001510E-6	-151.887653347730750E+0
381.000000000000060E+0	568.896406402948670E-6	-150.829702417378770E+0
382.000000000000060E+0	314.568498842154040E-6	-150.101355137805910E+0
383.000000000000060E+0	346.562728159300830E-6	-148.964373976027190E+0
384.000000000000060E+0	619.784678298222020E-6	-147.539951339105730E+0
385.000000000000060E+0	998.223855188564180E-6	-146.512395299715050E+0
386.000000000000060E+0	1.064214231255290E-3	-145.613039595405100E+0
387.000000000000060E+0	629.161538929001080E-6	-144.646129909031230E+0
388.000000000000060E+0	323.042790709773270E-6	-145.394234820530410E+0
389.000000000000060E+0	361.356875333322120E-6	-144.417658857147130E+0
390.000000000000060E+0	188.933284900900110E-6	-147.429846724576720E+0
391.000000000000060E+0	299.469058581244910E-6	-145.376387620095160E+0
392.000000000000060E+0	364.213842299301330E-6	-142.271169893783880E+0
393.000000000000060E+0	585.467260784792090E-6	-140.744254239885350E+0
394.000000000000060E+0	640.388433675244890E-6	-139.533655431489510E+0
395.000000000000060E+0	520.740996247141210E-6	-137.497716487877940E+0
396.000000000000060E+0	120.642043386996590E-6	-135.770684046384390E+0
397.000000000000060E+0	578.900606278481980E-6	-136.300247103954920E+0
398.000000000000060E+0	1.141663347519107E-3	-134.123316636077130E+0
399.000000000000060E+0	1.288511442753755E-3	-132.253766858060490E+0
400.000000000000060E+0	726.251920519047840E-6	-130.670709359269890E+0
401.000000000000060E+0	271.119066040577200E-6	-129.369920071953150E+0
402.000000000000060E+0	401.107188955351850E-6	-129.975222162272420E+0
403.000000000000060E+0	420.135639612314910E-6	-128.971583500223770E+0
404.000000000000060E+0	618.647992591864330E-6	-128.167431229186720E+0
405.000000000000060E+0	804.624657606722530E-6	-126.167654938899090E+0
406.000000000000060E+0	667.219107427264170E-6	-123.612963282787190E+0
407.000000000000060E+0	171.768054571003250E-6	-125.255748487539800E+0
408.000000000000060E+0	1.059268802638676E-3	-122.643926102594550E+0
409.000000000000060E+0	710.167204443188550E-6	-119.848233149247320E+0
410.000000000000060E+0	983.888100236492970E-6	-122.746870023672740E+0
411.000000000000060E+0	1.215019139440908E-3	-119.755541064847320E+0
412.000000000000060E+0	2.318604638999777E-3	-117.049750510470430E+0
413.000000000000060E+0	2.403081614826585E-3	-115.030080999400510E+0
414.000000000000060E+0	1.113638162399989E-3	-112.559863392267220E+0
415.000000000000060E+0	953.977063201666290E-6	-115.186105646259510E+0
416.000000000000060E+0	1.704316582741827E-3	-112.445380874325750E+0
417.000000000000060E+0	1.404789627534352E-3	-110.509384044749710E+0
418.000000000000060E+0	760.406847360232470E-6	-109.145919579498470E+0
419.000000000000060E+0	520.818321886513250E-6	-106.666004579129880E+0
420.000000000000060E+0	881.375915208392900E-6	-104.362286984833360E+0
421.000000000000060E+0	167.857371460754590E-6	-101.295629082896700E+0
422.000000000000060E+0	1.008097764713308E-3	-104.270187034915780E+0
423.000000000000060E+0	1.057392981510936E-3	-102.397814797512040E+0
424.000000000000060E+0	491.422018053432160E-6	-100.652206219527780E+0
425.000000000000060E+0	404.907074362549790E-6	-101.650672906306910E+0
426.000000000000060E+0	677.051515233949930E-6	-100.516683732905800E+0
427.000000000000060E+0	438.963882450511430E-6	-99.383580631123479E+0
428.000000000000060E+0	315.858743963129460E-6	-102.517639771577120E+0
429.000000000000060E+0	517.106369762791600E-6	-100.470692622484360E+0
430.000000000000060E+0	564.727785696270310E-6	-98.897888694357746E+0
431.000000000000060E+0	544.376263987275240E-6	-96.597660430418003E+0
432.000000000000060E+0	1.060623950686648E-3	-94.018643601481401E+0
433.000000000000060E+0	913.675589385634990E-6	-91.738483081092639E+0
434.000000000000060E+0	140.383447628048990E-6	-90.380544281490586E+0
435.000000000000060E+0	565.123984606082160E-6	-89.313409776644960E+0
436.000000000000060E+0	368.657381378777350E-6	-92.048220389221967E+0
437.000000000000060E+0	429.940012680609190E-6	-94.920701577742776E+0
438.000000000000060E+0	149.294693486120830E-6	-97.255119913162062E+0
439.000000000000060E+0	409.677132128782360E-6	-98.768557697353643E+0
440.000000000000060E+0	452.764636582547990E-6	-95.956238426276528E+0
441.000000000000060E+0	287.247160427664610E-6	-93.558321149028956E+0
442.000000000000060E+0	332.668802394426880E-6	-93.186349125391487E+0
443.000000000000060E+0	767.688386496637740E-6	-91.793439580425812E+0
444.000000000000060E+0	1.634642102538499E-3	-89.291488973858463E+0
445.000000000000060E+0	2.083721270855041E-3	-86.659888071304280E+0
446.000000000000060E+0	1.591762970650500E-3	-83.905519792420307E+0
447.000000000000060E+0	1.726867278036712E-3	-80.937839913975637E+0
448.000000000000060E+0	1.709015868315591E-3	-79.026994419860230E+0
449.000000000000060E+0	1.037780873042102E-3	-76.489039848715379E+0
450.000000000000060E+0	795.921196937606300E-6	-79.196738336830791E+0
451.000000000000060E+0	934.993178165299420E-6	-81.180178696670538E+0
452.000000000000060E+0	1.347229043790849E-3	-78.279594864173617E+0
453.000000000000060E+0	812.487763973718680E-6	-76.260489979601544E+0
454.000000000000060E+0	1.535784043201241E-3	-74.542191787242800E+0
455.000000000000060E+0	1.746218519332481E-3	-72.707248176847401E+0
456.000000000000060E+0	1.797302428419467E-3	-70.561738834194571E+0
457.000000000000060E+0	1.312532940453078E-3	-67.752322117760414E+0
458.000000000000060E+0	1.319359872681308E-3	-65.040675501219326E+0
459.000000000000060E+0	1.644132668425930E-3	-62.884307933170831E+0
460.000000000000060E+0	1.168638876161121E-3	-65.900903822384606E+0
461.000000000000060E+0	1.163034457315939E-3	-67.523138799530017E+0
462.000000000000060E+0	1.474815574865424E-3	-64.711312069369583E+0
463.000000000000060E+0	428.893693363433250E-6	-65.155120222589204E+0
464.000000000000060E+0	2.716765501528497E-3	-63.106668769313963E+0
465.000000000000060E+0	4.311311012917876E-3	-60.768439825831656E+0
466.000000000000060E+0	4.916197850984053E-3	-58.233272245523850E+0
467.000000000000060E+0	3.168652748757244E-3	-55.446061309983101E+0
468.000000000000060E+0	1.557006295515345E-3	-53.073208805148013E+0
469.000000000000060E+0	853.615745886816560E-6	-56.147192278090600E+0
470.000000000000060E+0	1.319597544235919E-3	-54.443630171032467E+0
471.000000000000060E+0	4.021729544476849E-3	-52.273856013602113E+0
472.000000000000060E+0	4.124363914312599E-3	-49.895815019169888E+0
473.000000000000060E+0	2.125640923744483E-3	-46.864171626776240E+0
474.000000000000060E+0	716.624847846370600E-6	-46.313769194636841E+0
475.000000000000060E+0	1.832322991233404E-3	-44.153875992576346E+0
476.000000000000060E+0	385.257698624257800E-6	-44.449015659839439E+0
477.000000000000060E+0	1.380318648824452E-3	-43.665667322173931E+0
478.000000000000060E+0	2.812949089880873E-3	-41.366487990397502E+0
479.000000000000060E+0	3.745844664358307E-3	-39.003182868205300E+0
480.000000000000060E+0	4.385808529580822E-3	-36.884196744668642E+0
481.000000000000060E+0	2.631165600840297E-3	-35.009077821216735E+0
482.000000000000060E+0	2.674917496340165E-3	-32.445196154114690E+0
483.000000000000060E+0	5.805768832757140E-3	-30.396665364230877E+0
484.000000000000060E+0	3.704279346954979E-3	-27.765918812940161E+0
485.000000000000060E+0	2.444959160484635E-3	-25.767423122201343E+0
486.000000000000060E+0	4.074769983723229E-3	-22.915477502702707E+0
487.000000000000060E+0	2.581357208653688E-3	-20.827173215038417E+0
488.000000000000060E+0	5.585940501357863E-3	-19.351086121144256E+0
489.000000000000060E+0	3.976803935023102E-3	-17.588088988365882E+0
490.000000000000060E+0	5.716006603067864E-3	-15.457921063161981E+0
491.000000000000060E+0	11.268390663514007E-3	-13.346334750509698E+0
492.000000000000060E+0	9.054238334131413E-3	-10.634666725518191E+0
493.000000000000060E+0	4.398111451906988E-3	-7.567002908993016E+0
494.000000000000060E+0	15.984561184365229E-3	-10.324948346462444E+0
495.000000000000060E+0	5.065921261281850E-3	-8.169161586606107E+0
496.000000000000060E+0	3.063108013668221E-3	-10.096437379133114E+0
497.000000000000060E+0	8.306702149744881E-3	-12.755413794704630E+0
498.000000000000060E+0	10.593881174336050E-3	-10.051826862107246E+0
499.000000000000060E+0	3.088894722849756E-3	-8.525437102428798E+0
500.000000000000060E+0	12.332969455052436E-3	-8.417765654746047E+0
