Freq (Hz)	micro/hp_Real	micro/hp_Imag
49.000000000000007E+0	-137.605108666980110E-3	354.419451494422670E-3
50.000000000000007E+0	360.336142125440630E-3	225.022471781239690E-3
51.000000000000007E+0	-150.664837668571250E-3	-253.410939876273610E-3
52.000000000000007E+0	-55.978668452406857E-3	-262.099970937690660E-3
53.000000000000007E+0	-56.669610619603315E-3	74.176611196515183E-3
54.000000000000007E+0	-1.291018137776149E-3	-8.452702463925930E-3
55.000000000000007E+0	24.281606802751151E-3	134.319115628065530E-3
56.000000000000007E+0	32.258352085080197E-3	-134.235720358595300E-3
57.000000000000007E+0	-16.105731509569371E-3	56.707112220666878E-3
58.000000000000007E+0	34.795502285607266E-3	10.573107180018092E-3
59.000000000000007E+0	1.900391684614467E-3	-22.758822724835887E-3
60.000000000000007E+0	-13.208963006441074E-3	-34.861313399930385E-3
61.000000000000007E+0	-21.632870041817742E-3	47.860734646683813E-3
62.000000000000007E+0	45.043464693734832E-3	-28.566193546821002E-3
63.000000000000007E+0	-14.271964397794917E-3	274.723393915491850E-6
64.000000000000014E+0	-20.429266527227777E-3	3.661391500993893E-3
65.000000000000014E+0	3.707251095791673E-3	8.324565484720010E-3
66.000000000000014E+0	17.295966021712177E-3	5.086012628336267E-3
67.000000000000014E+0	-2.376938993043808E-3	-960.893662581561440E-6
68.000000000000014E+0	-4.614184374668186E-3	-14.003158476031617E-3
69.000000000000014E+0	3.840238045998433E-3	12.274307969543957E-3
70.000000000000014E+0	-7.831596095691607E-3	6.472040436287551E-3
71.000000000000014E+0	14.133221216969810E-3	-13.252586993787429E-3
72.000000000000014E+0	-10.277158421584203E-3	11.471168323368244E-3
73.000000000000014E+0	3.187952076528716E-3	-4.866695612127076E-3
74.000000000000014E+0	2.408514087396672E-3	7.157331675948101E-3
75.000000000000014E+0	1.399894025952854E-3	-5.511501724489914E-3
76.000000000000014E+0	3.433278692485632E-3	-2.713897611319356E-3
77.000000000000014E+0	-7.531120599766631E-3	1.217657746059213E-3
78.000000000000014E+0	2.654595985575295E-3	1.999162806900702E-3
79.000000000000014E+0	-3.606678903961959E-3	4.782186169647633E-3
80.000000000000014E+0	13.424996494717166E-3	3.042869456546845E-3
81.000000000000014E+0	935.334055465770880E-6	-15.306401319816277E-3
82.000000000000014E+0	-12.170325242033989E-3	1.804368868974931E-3
83.000000000000014E+0	1.150003606027246E-3	5.417430781328760E-3
84.000000000000014E+0	5.907195494725965E-3	949.748572749742970E-6
85.000000000000014E+0	-320.310173047153620E-6	-7.469523750007009E-3
86.000000000000014E+0	-3.864859261322946E-3	4.352408216578193E-3
87.000000000000014E+0	5.836742408293944E-3	-2.769007592894438E-3
88.000000000000014E+0	708.104662739716500E-6	-2.033595182867163E-3
89.000000000000014E+0	-1.854588628906182E-3	-5.666701014673885E-3
90.000000000000014E+0	-2.200664398356578E-3	-308.826370589447750E-6
91.000000000000014E+0	-2.477507755602308E-3	1.260384269990647E-3
92.000000000000014E+0	3.721144470714679E-3	3.262516969265781E-3
93.000000000000014E+0	1.329152898019966E-3	-5.453924265651508E-3
94.000000000000014E+0	-1.616795043753490E-3	28.624418819718417E-6
95.000000000000014E+0	-1.251810312456013E-3	1.854785904496395E-3
96.000000000000014E+0	2.976629195625990E-3	-12.458886010158229E-6
97.000000000000014E+0	-215.950018157270900E-6	-3.749361855832500E-3
98.000000000000014E+0	-4.039432488429817E-3	1.604757577869031E-3
99.000000000000014E+0	-6.879416350268066E-3	-496.411441622308700E-6
100.000000000000010E+0	3.865211560991450E-3	13.796142843188922E-3
101.000000000000010E+0	3.926076317654531E-3	-3.056902428732852E-3
102.000000000000010E+0	1.638338436761139E-3	-742.561353240325210E-6
103.000000000000010E+0	-1.760981762534880E-3	965.704061797306920E-6
104.000000000000010E+0	2.733878131887473E-3	-282.325783094187310E-6
105.000000000000010E+0	-2.063920755022884E-3	1.704627973839711E-3
106.000000000000010E+0	5.650465162562504E-3	-397.945445463835390E-6
107.000000000000010E+0	-1.504121362629774E-3	-2.193949987736887E-3
108.000000000000010E+0	-897.153909559549890E-6	-735.865895904434560E-6
109.000000000000010E+0	-216.351717573643750E-6	1.476407875145685E-3
110.000000000000010E+0	-802.695802167948250E-6	383.647477146127660E-6
111.000000000000010E+0	-160.501008751356290E-6	2.627922549951413E-3
112.000000000000010E+0	753.701572373387690E-6	-1.515702908292532E-3
113.000000000000010E+0	-2.324496796963869E-3	11.494743125622247E-3
114.000000000000010E+0	13.768908625668911E-3	-1.583457000166822E-3
115.000000000000010E+0	879.998853656744360E-6	-4.490419720685829E-3
116.000000000000010E+0	88.086729060085777E-6	-3.342873377116258E-3
117.000000000000010E+0	-1.052291351839976E-3	-1.317931316767370E-3
118.000000000000010E+0	-1.888444555700274E-3	-1.236186802424235E-3
119.000000000000010E+0	304.048164077952410E-6	1.446760559018457E-3
120.000000000000010E+0	-125.467905892347070E-6	-1.293112973567683E-3
121.000000000000010E+0	-226.938757879294250E-6	2.803013410839709E-3
122.000000000000010E+0	4.052130392391615E-3	-718.025730097740470E-6
123.000000000000010E+0	-496.096787250684470E-6	-1.834531182515924E-3
124.000000000000010E+0	-414.601213091857210E-6	-213.653236829469020E-6
125.000000000000010E+0	-218.485868812230470E-6	666.236835683770510E-6
126.000000000000010E+0	1.051343268673514E-3	289.115867582588340E-6
127.000000000000010E+0	324.469716578658090E-6	-1.799680118776761E-3
128.000000000000030E+0	-1.808503125390536E-3	-593.245348085971560E-6
129.000000000000030E+0	-1.285675271164905E-3	1.529557499658924E-3
130.000000000000030E+0	984.045432068369380E-6	1.391637887693428E-3
131.000000000000030E+0	1.426332604917447E-3	169.903131062378730E-6
132.000000000000030E+0	395.363143261406190E-6	-1.298746570642806E-3
133.000000000000030E+0	-882.856861701112810E-6	-108.784494747065430E-6
134.000000000000030E+0	-40.679972213453902E-6	443.547839978178240E-6
135.000000000000030E+0	-121.897636996784530E-6	-147.614332539390890E-6
136.000000000000030E+0	-802.763666602476300E-6	340.443241285357420E-6
137.000000000000030E+0	107.448362536670650E-6	1.538675253617045E-3
138.000000000000030E+0	1.605213066307044E-3	128.653077189038230E-6
139.000000000000030E+0	-154.202340656614500E-6	-1.465661486960236E-3
140.000000000000030E+0	-971.370947508542270E-6	570.503462973505760E-6
141.000000000000030E+0	446.699213915124760E-6	-134.108128111927370E-6
142.000000000000030E+0	-218.759309387658460E-6	-273.994410001755260E-6
143.000000000000030E+0	-291.553986045763760E-6	-617.310025729855020E-6
144.000000000000030E+0	-791.947809422750600E-6	108.107654046315980E-6
145.000000000000030E+0	-188.974298274528460E-6	387.210168304396980E-6
146.000000000000030E+0	225.629126149003410E-6	195.565940874096760E-6
147.000000000000030E+0	-144.441737110557280E-6	-383.722619524652630E-6
148.000000000000030E+0	-185.594432911879010E-6	386.213813271680790E-6
149.000000000000030E+0	929.035810928615200E-6	-141.011284135682050E-6
150.000000000000030E+0	-73.963888016564223E-6	-1.111615129567891E-3
151.000000000000030E+0	-134.438923848484630E-6	156.438881802751410E-6
152.000000000000030E+0	388.251418785958110E-6	-492.904015635334670E-6
153.000000000000030E+0	-306.646209023471270E-6	-472.993746662229660E-6
154.000000000000030E+0	-284.293884884635210E-6	96.128729125885196E-6
155.000000000000030E+0	102.502612196545900E-6	-77.824844777049453E-6
156.000000000000030E+0	-94.227592122676321E-6	-8.726017213399267E-6
157.000000000000030E+0	-33.728703053025573E-6	66.396992996170512E-6
158.000000000000030E+0	-13.558093194101785E-6	244.767490631849560E-6
159.000000000000030E+0	-74.377363533467160E-6	130.498419608473610E-6
160.000000000000030E+0	-15.138489271439684E-6	234.184892677904920E-6
161.000000000000030E+0	-70.662299678147446E-6	198.025164841870570E-6
162.000000000000030E+0	161.032558870253970E-6	285.647531288656390E-6
163.000000000000030E+0	85.229810007683601E-6	147.303290565362860E-6
164.000000000000030E+0	111.312342937393840E-6	216.121314025405830E-6
165.000000000000030E+0	168.127505330405220E-6	149.341473874413790E-6
166.000000000000030E+0	218.669123640880200E-6	-85.167604863260613E-6
167.000000000000030E+0	-50.142911087690191E-6	-59.233890708036462E-6
168.000000000000030E+0	193.169941567731940E-6	24.214472778778047E-6
169.000000000000030E+0	89.499853654353577E-6	-187.738244045449500E-6
170.000000000000030E+0	18.201399404137788E-6	-192.631750828727260E-6
171.000000000000030E+0	-154.081841234418550E-6	-129.405536510308810E-6
172.000000000000030E+0	-28.118449143026455E-6	41.309129606196212E-6
173.000000000000030E+0	-21.004219812940786E-6	45.151790004363876E-6
174.000000000000030E+0	118.339224348436410E-6	196.046703764605140E-6
175.000000000000030E+0	150.710271716416560E-6	-28.441882182687080E-6
176.000000000000030E+0	35.139342704386384E-6	22.075517511122732E-6
177.000000000000030E+0	176.698166002260500E-6	-150.464106220544000E-6
178.000000000000030E+0	-53.778875356743341E-6	-244.280524317117650E-6
179.000000000000030E+0	-107.860450264349690E-6	-27.638668031219309E-6
180.000000000000030E+0	-21.343982352988619E-6	131.973968300334360E-6
181.000000000000030E+0	112.304250787409190E-6	77.112216491920775E-6
182.000000000000030E+0	88.317103122606633E-6	-18.611280854054526E-6
183.000000000000030E+0	66.125293957169771E-6	-59.402311224921551E-6
184.000000000000030E+0	55.560446308101923E-6	-38.675031179474941E-6
185.000000000000030E+0	3.709599682971180E-6	-197.621362422351260E-6
186.000000000000030E+0	-275.549552684236530E-6	-104.045949283475950E-6
187.000000000000030E+0	-114.037010377907320E-6	73.425852596461919E-6
188.000000000000030E+0	-43.764540475722753E-6	5.781384912051936E-6
189.000000000000030E+0	-73.179714247925044E-6	-1.466596513687189E-6
190.000000000000030E+0	-188.336527259541330E-6	70.675816256484574E-6
191.000000000000030E+0	-30.997422068122228E-6	205.457398987983910E-6
192.000000000000030E+0	94.048012901674701E-6	56.131162291310702E-6
193.000000000000030E+0	37.714395784722655E-6	89.636560029783432E-6
194.000000000000030E+0	86.730654559520184E-6	99.421553221735982E-6
195.000000000000030E+0	52.602390469758153E-6	55.569430782210904E-6
196.000000000000030E+0	53.228347098445532E-6	-63.696926337439625E-6
197.000000000000030E+0	-125.463097721635530E-6	-130.029902180924080E-6
198.000000000000030E+0	-169.211308550759250E-6	6.875314540965258E-6
199.000000000000030E+0	-239.702043589688480E-6	15.149614717242200E-6
200.000000000000030E+0	-302.496830663120780E-6	162.344665218219540E-6
201.000000000000030E+0	-65.984371531865532E-6	92.983540702081986E-6
202.000000000000030E+0	-37.203501634707327E-6	-80.652115296118681E-6
203.000000000000030E+0	-39.297985176379556E-6	-38.924968361991541E-6
204.000000000000030E+0	-80.401748209892539E-6	-4.106314495806965E-6
205.000000000000030E+0	-183.951566671307140E-6	128.611560377014990E-6
206.000000000000030E+0	-72.782865672379383E-6	477.579689038907040E-6
207.000000000000030E+0	359.104375476483470E-6	397.368042122386740E-6
208.000000000000030E+0	347.249670359305660E-6	6.905778932204266E-6
209.000000000000030E+0	145.603813041455840E-6	-125.866907098412850E-6
210.000000000000030E+0	-21.113355558894050E-6	-63.443914866613614E-6
211.000000000000030E+0	-41.990949891449124E-6	9.338674079595870E-6
212.000000000000030E+0	-67.224670411889149E-6	70.864998127191919E-6
213.000000000000030E+0	96.880790910268587E-6	411.101841955851100E-6
214.000000000000030E+0	489.754026892152150E-6	434.788442012125330E-6
215.000000000000030E+0	412.517715006601720E-6	80.653915000491054E-6
216.000000000000030E+0	131.689861361136080E-6	-39.092932554454751E-6
217.000000000000030E+0	91.686594816559996E-6	-6.959483565059173E-6
218.000000000000030E+0	62.026571568079777E-6	39.811625651578501E-6
219.000000000000030E+0	6.622687396600913E-6	151.360504645335870E-6
220.000000000000030E+0	19.702427128279091E-6	191.321514686208630E-6
221.000000000000030E+0	59.412513464886799E-6	36.165515180760679E-6
222.000000000000030E+0	-45.807476458871547E-6	-30.047364904292288E-6
223.000000000000030E+0	-39.185355728676311E-6	59.582695302514735E-6
224.000000000000030E+0	-67.193498168053391E-6	63.274109927907317E-6
225.000000000000030E+0	-75.516254738111613E-6	84.459913420401517E-6
226.000000000000030E+0	-6.315054575853120E-6	-3.714203429180057E-6
227.000000000000030E+0	62.039193213502225E-6	-66.671097005080183E-6
228.000000000000030E+0	67.560412480961751E-6	-97.106709385631225E-6
229.000000000000030E+0	-2.967416202210800E-6	-121.656357428815750E-6
230.000000000000030E+0	-163.963748270065910E-6	-100.062775504729610E-6
231.000000000000030E+0	-209.682416616236810E-6	43.227722183648364E-6
232.000000000000030E+0	-140.698854166949710E-6	8.430646478312190E-6
233.000000000000030E+0	-126.989825473645890E-6	25.028035230788896E-6
234.000000000000030E+0	-45.768047648490621E-6	85.379286043679638E-6
235.000000000000030E+0	-342.671708311994090E-9	38.810187583646996E-6
236.000000000000030E+0	-36.556085392887165E-6	-31.165725532077190E-6
237.000000000000030E+0	1.767813561705403E-6	-42.102749567548477E-6
238.000000000000030E+0	50.661771866872604E-6	-147.501469359279790E-6
239.000000000000030E+0	-76.117939511970896E-6	-18.544463961414359E-6
240.000000000000030E+0	5.638694593410969E-6	198.318294356074920E-6
241.000000000000030E+0	74.107449019156384E-6	87.003012895150192E-6
242.000000000000030E+0	25.102603745237010E-6	-8.979119200420762E-6
243.000000000000030E+0	190.952642919748270E-6	-107.384909839038830E-6
244.000000000000030E+0	251.026011284246110E-6	-285.417221560985970E-6
245.000000000000030E+0	25.170002300788759E-6	-278.607954925136850E-6
246.000000000000030E+0	-69.908348757570467E-6	-136.390539343819510E-6
247.000000000000030E+0	-3.151427863653863E-6	48.105197270158739E-6
248.000000000000030E+0	161.419324663069340E-6	232.678762576961180E-6
249.000000000000030E+0	95.452077809233266E-6	-93.126469763288980E-6
250.000000000000030E+0	-279.585715295187450E-6	-326.703254810805500E-6
251.000000000000030E+0	-292.233819908743740E-6	3.130053034702052E-6
252.000000000000030E+0	-36.196062903497492E-6	288.530118680282620E-6
253.000000000000030E+0	183.281676466663050E-6	188.402949420278830E-6
254.000000000000030E+0	255.072038191930750E-6	23.651253366149297E-6
255.000000000000030E+0	171.409646957259220E-6	80.614866380494389E-6
256.000000000000060E+0	82.868746427201522E-6	128.773975219672020E-6
257.000000000000060E+0	172.425564658204830E-6	33.896789923080745E-6
258.000000000000060E+0	194.866114264177110E-6	-112.967765662307000E-6
259.000000000000060E+0	154.487967158945810E-6	-223.830095405047610E-6
260.000000000000060E+0	126.736696329608030E-6	-242.919935792345170E-6
261.000000000000060E+0	-57.067931413277859E-6	-81.537237658533128E-6
262.000000000000060E+0	-91.444753585493866E-6	73.114901884857654E-6
263.000000000000060E+0	54.619358516135182E-6	91.246572141196806E-6
264.000000000000060E+0	60.136839311136388E-6	127.893563427951580E-6
265.000000000000060E+0	-124.078476893015490E-6	170.134681194301580E-6
266.000000000000060E+0	-294.428054590513760E-6	171.294763687887560E-6
267.000000000000060E+0	-354.165922241087240E-6	211.050474433217950E-6
268.000000000000060E+0	-238.001537610966760E-6	297.818337079900000E-6
269.000000000000060E+0	-79.984326468316734E-6	409.928026110934650E-6
270.000000000000060E+0	56.776819667523254E-6	394.145104018182020E-6
271.000000000000060E+0	4.757571067359702E-6	-93.106771622901668E-6
272.000000000000060E+0	-166.827433360433670E-6	-435.535097702437360E-6
273.000000000000060E+0	-304.945832987327430E-6	15.727194907797069E-6
274.000000000000060E+0	-324.442184495438930E-6	483.048174865938920E-6
275.000000000000060E+0	-312.613687972737150E-6	217.932118860448800E-6
276.000000000000060E+0	-563.871955183002000E-6	-102.456093643111560E-6
277.000000000000060E+0	-661.527302924259650E-6	128.186316598111950E-6
278.000000000000060E+0	-338.695323004543330E-6	398.149627378486820E-6
279.000000000000060E+0	-143.369184841008590E-6	394.141740860744530E-6
280.000000000000060E+0	122.089196574530500E-6	35.371354010410169E-6
281.000000000000060E+0	87.671359053045157E-6	-334.065177719386330E-6
282.000000000000060E+0	-482.974620319382450E-6	-379.113114905610780E-6
283.000000000000060E+0	-588.860309016571310E-6	-123.389425899440780E-6
284.000000000000060E+0	-24.497618141386597E-6	-32.651424589748922E-6
285.000000000000060E+0	67.794087021712558E-6	1.065009044435558E-6
286.000000000000060E+0	-630.391467271468590E-6	663.377012476730190E-6
287.000000000000060E+0	-810.732439113852580E-6	601.180600563344050E-6
288.000000000000060E+0	-107.237475935615340E-6	90.235955634961686E-6
289.000000000000060E+0	517.781322623075640E-6	-73.425995575673790E-6
290.000000000000060E+0	773.227847804793300E-6	-63.443789875731888E-6
291.000000000000060E+0	330.537922824078380E-6	-175.049553613292180E-6
292.000000000000060E+0	-301.556539838418130E-6	-271.681483412732170E-6
293.000000000000060E+0	-609.497881266305880E-6	-400.536038632141700E-6
294.000000000000060E+0	-763.005597994059630E-6	-334.422018950756890E-6
295.000000000000060E+0	-252.065808924859650E-6	305.980683459596560E-6
296.000000000000060E+0	833.892277134030380E-6	624.801011177294030E-6
297.000000000000060E+0	1.257870719490433E-3	250.823768972687780E-6
298.000000000000060E+0	461.405843541974730E-6	-106.062371027563320E-6
299.000000000000060E+0	-492.841602220789340E-6	-229.073371709321630E-6
300.000000000000060E+0	-305.832526462895270E-6	-739.745453429802150E-6
301.000000000000060E+0	333.610155248253030E-6	266.543228229439090E-6
302.000000000000060E+0	-574.561329583582120E-6	695.785451910485470E-6
303.000000000000060E+0	-600.927416101877040E-6	-272.720334966010170E-6
304.000000000000060E+0	-115.203274796102600E-6	-90.729966346020244E-6
305.000000000000060E+0	-303.811933746018410E-6	93.416404607409779E-6
306.000000000000060E+0	-6.480032643418876E-6	-59.508949694744775E-6
307.000000000000060E+0	572.946610461907650E-6	-396.883884434413950E-6
308.000000000000060E+0	676.470881816537300E-6	-389.004862056661330E-6
309.000000000000060E+0	-260.909274245897620E-6	-202.324356273401330E-6
310.000000000000060E+0	-947.886262188992630E-6	-606.056344232692590E-6
311.000000000000060E+0	-343.152217565072240E-6	-864.087332676515390E-6
312.000000000000060E+0	120.072794073391840E-6	-1.299086704546304E-6
313.000000000000060E+0	-215.331358458299690E-6	691.878630178131400E-6
314.000000000000060E+0	-309.611035539943550E-6	-169.846371792478020E-6
315.000000000000060E+0	273.122415109946790E-6	-492.111838357101780E-6
316.000000000000060E+0	232.891124803616620E-6	-177.845065236139230E-6
317.000000000000060E+0	365.839138235266570E-6	27.996477182629949E-6
318.000000000000060E+0	337.725116293248670E-6	-139.096166213188760E-6
319.000000000000060E+0	481.835690053419360E-6	24.738070380843192E-6
320.000000000000060E+0	182.840338523379580E-6	296.232895162156810E-6
321.000000000000060E+0	498.841905517549590E-6	-338.745176182339010E-6
322.000000000000060E+0	1.109426379396654E-3	-91.495307587617015E-6
323.000000000000060E+0	574.214149095069060E-6	235.272174396782600E-6
324.000000000000060E+0	667.589130165223010E-6	-69.110738034446376E-6
325.000000000000060E+0	837.127988929273440E-6	313.818495060191950E-6
326.000000000000060E+0	212.164915516503090E-6	332.774194965825860E-6
327.000000000000060E+0	134.841946131787920E-6	-226.479873682290330E-6
328.000000000000060E+0	408.890880996215190E-6	-534.602430569260380E-6
329.000000000000060E+0	856.866484984364160E-6	-451.276966875723170E-6
330.000000000000060E+0	751.090037797643540E-6	266.727440232195280E-6
331.000000000000060E+0	402.907501938219380E-6	493.301232117582020E-6
332.000000000000060E+0	-158.534656804246920E-6	183.073075459959940E-6
333.000000000000060E+0	-253.353866961905530E-6	-249.036001901200290E-6
334.000000000000060E+0	52.805636173301172E-6	-421.141306297197390E-6
335.000000000000060E+0	478.016773192022290E-6	-154.723030260083860E-6
336.000000000000060E+0	122.753568610567670E-6	-42.028650492613426E-6
337.000000000000060E+0	65.036605415362366E-6	-446.804283458245890E-6
338.000000000000060E+0	295.603599042096600E-6	-470.547029230374610E-6
339.000000000000060E+0	301.484094077359210E-6	30.613761953624707E-6
340.000000000000060E+0	-78.720543972758743E-6	237.115225052644820E-6
341.000000000000060E+0	-74.227368250698103E-6	-155.425938924283510E-6
342.000000000000060E+0	364.616047101076570E-6	25.803395012219322E-6
343.000000000000060E+0	66.223624263927084E-6	360.982848527528820E-6
344.000000000000060E+0	272.816628437621220E-6	322.470241228612380E-6
345.000000000000060E+0	253.603915667954410E-6	678.889952699407110E-6
346.000000000000060E+0	-192.858741988803830E-6	702.161207865152800E-6
347.000000000000060E+0	-764.236657300263970E-6	12.055248368274261E-6
348.000000000000060E+0	-110.728564634943190E-6	-829.096724992091190E-6
349.000000000000060E+0	648.225888089287980E-6	-638.505613977870760E-6
350.000000000000060E+0	746.278408875063760E-6	48.802867420299310E-6
351.000000000000060E+0	325.341079580475010E-6	240.776974900711160E-6
352.000000000000060E+0	227.873077412034730E-6	477.717808395831840E-6
353.000000000000060E+0	-198.524881576145170E-6	204.023467953911170E-6
354.000000000000060E+0	239.280809706011030E-6	-238.988068744134360E-6
355.000000000000060E+0	232.658285473495630E-6	-217.246848888369360E-6
356.000000000000060E+0	392.937107869505040E-6	-185.877496117628110E-6
357.000000000000060E+0	-139.305240866573130E-6	-14.709633136614354E-6
358.000000000000060E+0	7.870626162256163E-6	-373.557938585324430E-6
359.000000000000060E+0	101.864929523798390E-6	67.082059213403419E-6
360.000000000000060E+0	-310.779131205716010E-6	211.690269415013850E-6
361.000000000000060E+0	-13.369274742018863E-6	-391.849932920475080E-6
362.000000000000060E+0	615.445400419638580E-6	305.352263153782670E-6
363.000000000000060E+0	-546.065926133388010E-9	423.587069712159450E-6
364.000000000000060E+0	-28.906325773351038E-6	151.514608670600060E-6
365.000000000000060E+0	-274.577316732517950E-6	-28.323485949761469E-6
366.000000000000060E+0	-65.945526064096398E-6	-871.846157175737930E-6
367.000000000000060E+0	990.808460205485410E-6	-235.654855817079820E-6
368.000000000000060E+0	217.932545383557380E-6	751.613972379944180E-6
369.000000000000060E+0	-508.301882820252620E-6	217.939933779077530E-6
370.000000000000060E+0	130.925041303111590E-6	-209.483908846050800E-6
371.000000000000060E+0	287.720777992152140E-6	226.198804881934880E-6
372.000000000000060E+0	259.634057795476970E-6	-30.121355211345101E-6
373.000000000000060E+0	418.758702176298580E-6	416.638718456571460E-6
374.000000000000060E+0	-511.222830965368760E-6	114.441137665764950E-6
375.000000000000060E+0	16.371559378386794E-6	-771.580282618183100E-6
376.000000000000060E+0	683.045315915861470E-6	-292.620367433725640E-6
377.000000000000060E+0	324.728262173611800E-6	283.140817677056630E-6
378.000000000000060E+0	21.854490963076981E-6	187.640572370791100E-6
379.000000000000060E+0	-213.894415668680660E-6	200.397369061893240E-6
380.000000000000060E+0	-279.505645475423800E-6	70.538697449116860E-6
381.000000000000060E+0	-270.871520765705350E-6	180.173279322060300E-6
382.000000000000060E+0	-318.048587560626540E-6	238.700905762490210E-6
383.000000000000060E+0	-342.213498337348020E-6	124.100641816634920E-6
384.000000000000060E+0	-104.480077570667250E-6	-73.237628621762273E-6
385.000000000000060E+0	393.246274992835880E-6	176.833430661802520E-6
386.000000000000060E+0	-161.537894309873400E-6	408.436000901679640E-6
387.000000000000060E+0	-68.511182161086788E-6	-77.259842199523107E-6
388.000000000000060E+0	-144.154249002220140E-6	-144.839230968059310E-6
389.000000000000060E+0	362.615107896645390E-6	-477.578704368357790E-6
390.000000000000060E+0	416.441869034574050E-6	592.857449992978550E-6
391.000000000000060E+0	-662.603831702397710E-6	337.907172635256490E-6
392.000000000000060E+0	-226.564980322738960E-6	-191.143959329814490E-6
393.000000000000060E+0	16.434427607270456E-6	-36.587407169760609E-6
394.000000000000060E+0	378.037814192451540E-6	191.661665293327140E-6
395.000000000000060E+0	-91.377105687519421E-6	542.873380615020540E-6
396.000000000000060E+0	-178.083728263244360E-6	-124.936535645921740E-6
397.000000000000060E+0	216.960288634458570E-6	308.943035011238480E-6
398.000000000000060E+0	-528.694889398033000E-6	-123.687926449511220E-6
399.000000000000060E+0	379.961946586576760E-6	-154.920192340867040E-6
400.000000000000060E+0	-446.688960760749810E-6	139.488677052177510E-6
401.000000000000060E+0	204.491365618459040E-6	-781.866459763480310E-6
402.000000000000060E+0	519.536672653750320E-6	153.882067511138780E-6
403.000000000000060E+0	45.570171132399781E-6	-332.047469500634090E-6
404.000000000000060E+0	750.789526528663740E-6	187.715610178835330E-6
405.000000000000060E+0	-58.959638008389456E-6	1.121460564701812E-6
406.000000000000060E+0	728.985746348310980E-6	188.390198495849780E-6
407.000000000000060E+0	-319.986757618471940E-6	381.448460635505490E-6
408.000000000000060E+0	44.066038583265497E-6	-472.557059440533410E-6
409.000000000000060E+0	782.176716846950710E-6	-134.108778549816760E-6
410.000000000000060E+0	478.062788130562680E-6	735.953192907406210E-6
411.000000000000060E+0	-233.642190169920040E-6	648.415579729206860E-6
412.000000000000060E+0	963.594204292246770E-6	-240.093282628135850E-6
413.000000000000060E+0	148.650394681250170E-6	2.489948323331578E-3
414.000000000000060E+0	-1.394072951970781E-3	-198.480164516262410E-6
415.000000000000060E+0	6.040741364337838E-6	-437.616151971306460E-6
416.000000000000060E+0	285.501067920430580E-6	-391.176552510092930E-6
417.000000000000060E+0	560.270322154269490E-6	526.103794713410630E-6
418.000000000000060E+0	-369.704501070593000E-6	76.041745174511383E-6
419.000000000000060E+0	-317.154629946593530E-6	691.785153382712660E-6
420.000000000000060E+0	-1.066477871260529E-3	-433.135083010335010E-6
421.000000000000060E+0	290.988838119481590E-6	-1.061728375220605E-3
422.000000000000060E+0	495.542525323586140E-6	559.878021044637690E-6
423.000000000000060E+0	-226.176717130752750E-6	-329.223544373245230E-6
424.000000000000060E+0	316.416145336073280E-6	1.050201388000531E-3
425.000000000000060E+0	-1.543731066568923E-3	-58.206287931071331E-6
426.000000000000060E+0	339.592278073859510E-6	-835.321043078203850E-6
427.000000000000060E+0	387.699995617055840E-6	630.245572490589200E-6
428.000000000000060E+0	-620.266868215454030E-6	331.193614253268390E-6
429.000000000000060E+0	-176.763204302700520E-6	299.464635340421320E-6
430.000000000000060E+0	-397.823654745696950E-6	-243.933680102222470E-6
431.000000000000060E+0	-562.507873013224500E-6	40.252265103988472E-6
432.000000000000060E+0	1.096979948589832E-3	-643.847377651017030E-6
433.000000000000060E+0	-658.346842058160050E-6	1.420659549262820E-3
434.000000000000060E+0	-342.116003866325880E-6	-596.329044242670230E-6
435.000000000000060E+0	280.134056208513670E-6	167.890167712693660E-6
436.000000000000060E+0	-328.019577183731830E-6	72.684238012018010E-6
437.000000000000060E+0	453.599677495096490E-6	-167.028655043486300E-6
438.000000000000060E+0	236.522145037472890E-6	358.684965494812800E-6
439.000000000000060E+0	-243.212366719089290E-6	437.647862909641570E-6
440.000000000000060E+0	-310.082525413421910E-6	-359.950624495378360E-6
441.000000000000060E+0	138.948143254687010E-6	145.491254174179950E-6
442.000000000000060E+0	115.428857720334640E-6	216.186700988707210E-6
443.000000000000060E+0	-1.033889578893392E-3	-324.586586067681010E-6
444.000000000000060E+0	302.511313488170420E-6	-763.194142770798030E-6
445.000000000000060E+0	333.893547109759390E-6	-383.885310977835160E-6
446.000000000000060E+0	1.311080075875644E-3	40.345711546491406E-6
447.000000000000060E+0	-1.234875682316885E-3	684.797762158987190E-6
448.000000000000060E+0	1.214002849747974E-3	-96.323693736426208E-6
449.000000000000060E+0	-1.316113396938139E-3	604.257391773056130E-6
450.000000000000060E+0	-440.272221000167730E-6	-659.767396577953870E-6
451.000000000000060E+0	986.849480872497350E-6	-344.490427782632540E-6
452.000000000000060E+0	-159.286187502356030E-6	215.278773378814370E-6
453.000000000000060E+0	86.728869730537929E-6	-174.008030389659690E-6
454.000000000000060E+0	383.330241543060320E-6	-507.694774505586340E-6
455.000000000000060E+0	1.708494952697339E-3	578.444216918169520E-6
456.000000000000060E+0	-1.454260090860774E-3	872.558966553493010E-6
457.000000000000060E+0	-349.241152770709950E-6	133.023490250905450E-6
458.000000000000060E+0	-111.865837778515850E-6	-1.501501619640525E-3
459.000000000000060E+0	538.302066398879940E-6	332.813004648678360E-6
460.000000000000060E+0	985.835586853601750E-6	-756.021766940354160E-6
461.000000000000060E+0	414.866315795210470E-6	1.517623241763469E-3
462.000000000000060E+0	-1.940153727937383E-3	506.266370448652450E-6
463.000000000000060E+0	805.867660332385710E-6	-842.384601766346660E-6
464.000000000000060E+0	-834.550228968508960E-6	1.662618964776854E-3
465.000000000000060E+0	-784.720864739327380E-6	-1.218027435569005E-3
466.000000000000060E+0	-384.406982021294580E-6	-902.198016025101920E-6
467.000000000000060E+0	2.208286595875421E-3	577.916864696636280E-6
468.000000000000060E+0	-1.637234155280463E-3	-11.252377310287694E-6
469.000000000000060E+0	-260.052550238701920E-6	283.133397332428000E-6
470.000000000000060E+0	487.043498872123350E-6	-927.041287224235370E-6
471.000000000000060E+0	-61.300405996439903E-6	-695.227828429745890E-6
472.000000000000060E+0	581.801300602589760E-6	593.805905963677330E-6
473.000000000000060E+0	-930.107308315680500E-6	1.344090641105944E-3
474.000000000000060E+0	402.193110556869560E-6	-623.730124978013360E-6
475.000000000000060E+0	-4.035910924983106E-3	-1.606963965192572E-3
476.000000000000060E+0	2.992113088577961E-3	-1.041102112152399E-3
477.000000000000060E+0	1.529631782400642E-3	5.202539502906335E-3
478.000000000000060E+0	-3.865821829764146E-3	-2.650880508873716E-3
479.000000000000060E+0	3.887190487788870E-3	-882.302803500964610E-6
480.000000000000060E+0	273.206175736885450E-6	6.225290878821441E-3
481.000000000000060E+0	-6.605962744116927E-3	-2.180070857653291E-3
482.000000000000060E+0	3.643201773246822E-3	959.872034714797950E-6
483.000000000000060E+0	-3.192015656870669E-3	1.037234728358394E-3
484.000000000000060E+0	1.570861997258984E-3	-526.174938377898950E-6
485.000000000000060E+0	-649.502244174102860E-6	153.181513406891530E-6
486.000000000000060E+0	3.151393106621061E-3	1.187362920255047E-3
487.000000000000060E+0	-1.709853577435506E-3	-159.400896665073190E-6
488.000000000000060E+0	-3.563418648503620E-3	2.550746743736046E-3
489.000000000000060E+0	-3.060816829819178E-3	-2.190496813922218E-3
490.000000000000060E+0	4.227513443383899E-3	3.478099628976538E-3
491.000000000000060E+0	-4.016114100154026E-3	-689.101603327207980E-6
492.000000000000060E+0	-3.174478051946217E-3	-5.455897669172384E-3
493.000000000000060E+0	2.463334609671188E-3	5.600187694277145E-3
494.000000000000060E+0	1.419285981700873E-3	-26.170743531065806E-3
495.000000000000060E+0	1.448867548696432E-3	-783.442323018992490E-6
496.000000000000060E+0	9.463036626186373E-3	10.754491148673483E-3
497.000000000000060E+0	-4.593543030629454E-3	721.627645044338770E-6
498.000000000000060E+0	-10.242926254576974E-3	17.485643896849760E-3
499.000000000000060E+0	11.742586002484803E-3	-15.526507027024855E-3
500.000000000000060E+0	23.222900488890735E-3	-14.655571662777237E-3
