Freq (Hz)	micro(Pa^2 )
49.000000000000007E+0	2.820144418276674E-9
50.000000000000007E+0	10.188263458967816E-9
51.000000000000007E+0	2.695622008577179E-9
52.000000000000007E+0	16.050993990721038E-12
53.000000000000007E+0	79.766189369468315E-12
54.000000000000007E+0	145.522145019528200E-12
55.000000000000007E+0	3.908838156573214E-12
56.000000000000007E+0	25.748787382079490E-12
57.000000000000007E+0	91.568806843996053E-12
58.000000000000007E+0	339.995764876331450E-12
59.000000000000007E+0	454.648181974429290E-12
60.000000000000007E+0	303.686980352607550E-12
61.000000000000007E+0	1.172422373949288E-9
62.000000000000007E+0	2.269846493326107E-9
63.000000000000007E+0	666.302862121736140E-12
64.000000000000014E+0	20.794150489792761E-12
65.000000000000014E+0	141.341374704340470E-12
66.000000000000014E+0	187.724419397188140E-12
67.000000000000014E+0	328.173171626753990E-12
68.000000000000014E+0	192.106397355414620E-12
69.000000000000014E+0	524.461644532262500E-12
70.000000000000014E+0	878.424457642345170E-12
71.000000000000014E+0	207.521259304890740E-12
72.000000000000014E+0	266.565174976965920E-12
73.000000000000014E+0	26.556927959422141E-15
74.000000000000014E+0	868.770371472767040E-12
75.000000000000014E+0	475.138328683156360E-12
76.000000000000014E+0	229.359199725009160E-12
77.000000000000014E+0	1.620399248235314E-9
78.000000000000014E+0	549.167507002296580E-12
79.000000000000014E+0	168.155152916599050E-12
80.000000000000014E+0	5.369488971636409E-12
81.000000000000014E+0	1.212470073063538E-9
82.000000000000014E+0	1.424916494014768E-9
83.000000000000014E+0	438.821806160063960E-12
84.000000000000014E+0	364.669301077156690E-12
85.000000000000014E+0	272.112063019669230E-12
86.000000000000014E+0	1.287510629737580E-9
87.000000000000014E+0	868.395447447146320E-12
88.000000000000014E+0	257.518095807313850E-12
89.000000000000014E+0	219.414484632346620E-12
90.000000000000014E+0	154.028242444291100E-12
91.000000000000014E+0	298.246220870916850E-12
92.000000000000014E+0	88.596077551480448E-12
93.000000000000014E+0	67.204586091824850E-12
94.000000000000014E+0	102.750985064585070E-12
95.000000000000014E+0	154.923136894821050E-12
96.000000000000014E+0	92.426704597447283E-12
97.000000000000014E+0	49.131138434890595E-12
98.000000000000014E+0	10.980066118975835E-12
99.000000000000014E+0	12.283984574567747E-9
100.000000000000010E+0	51.149760354439654E-9
101.000000000000010E+0	14.689476367017988E-9
102.000000000000010E+0	183.003693700595630E-12
103.000000000000010E+0	102.127558661107440E-12
104.000000000000010E+0	243.482102117766690E-12
105.000000000000010E+0	209.917742088028260E-12
106.000000000000010E+0	551.201595598939650E-12
107.000000000000010E+0	925.187565293541990E-12
108.000000000000010E+0	1.010851821764251E-9
109.000000000000010E+0	405.190747859512330E-12
110.000000000000010E+0	35.404620487233576E-12
111.000000000000010E+0	185.248276703356890E-12
112.000000000000010E+0	208.889668230310760E-12
113.000000000000010E+0	10.793561526729607E-9
114.000000000000010E+0	29.049261158662577E-9
115.000000000000010E+0	10.846402800196923E-9
116.000000000000010E+0	856.417184459841230E-12
117.000000000000010E+0	70.015121874396640E-12
118.000000000000010E+0	83.213388715650280E-12
119.000000000000010E+0	104.390570100339550E-12
120.000000000000010E+0	563.459110537905110E-12
121.000000000000010E+0	102.532756598969950E-12
122.000000000000010E+0	557.998123635385520E-12
123.000000000000010E+0	1.124370825216802E-9
124.000000000000010E+0	671.815484681530100E-12
125.000000000000010E+0	71.265353102384722E-12
126.000000000000010E+0	91.436502374881995E-12
127.000000000000010E+0	150.670476896636120E-12
128.000000000000030E+0	53.135337976166458E-12
129.000000000000030E+0	4.686866212258801E-12
130.000000000000030E+0	32.838635176393125E-12
131.000000000000030E+0	28.093196442757008E-12
132.000000000000030E+0	396.610942821501480E-12
133.000000000000030E+0	231.572621654692740E-12
134.000000000000030E+0	39.624537783666566E-12
135.000000000000030E+0	111.793833976954230E-12
136.000000000000030E+0	129.358902532149930E-12
137.000000000000030E+0	563.996248768881820E-12
138.000000000000030E+0	2.738996037345158E-9
139.000000000000030E+0	1.028447814769631E-9
140.000000000000030E+0	477.518863795527240E-12
141.000000000000030E+0	549.217914096285030E-12
142.000000000000030E+0	304.465787477792200E-12
143.000000000000030E+0	247.283745906894850E-12
144.000000000000030E+0	754.238589471786760E-12
145.000000000000030E+0	797.235979769681490E-12
146.000000000000030E+0	371.418468453479040E-12
147.000000000000030E+0	1.257332037791791E-12
148.000000000000030E+0	674.173760480511340E-12
149.000000000000030E+0	2.127898128098221E-9
150.000000000000030E+0	13.847120702391970E-9
151.000000000000030E+0	4.517148665026882E-9
152.000000000000030E+0	10.715781909772568E-12
153.000000000000030E+0	281.122863793862930E-12
154.000000000000030E+0	575.354337196157870E-12
155.000000000000030E+0	277.372867242874830E-12
156.000000000000030E+0	406.009596440330860E-12
157.000000000000030E+0	71.373173127645728E-12
158.000000000000030E+0	239.349096896788380E-12
159.000000000000030E+0	619.974420180372440E-12
160.000000000000030E+0	10.641870791711693E-12
161.000000000000030E+0	15.233120375201494E-12
162.000000000000030E+0	279.559442496960120E-12
163.000000000000030E+0	9.270180223559028E-12
164.000000000000030E+0	49.357321918387249E-12
165.000000000000030E+0	133.955145700356530E-12
166.000000000000030E+0	795.771876586776030E-12
167.000000000000030E+0	242.319704661517360E-12
168.000000000000030E+0	181.798022940156780E-12
169.000000000000030E+0	229.132657997245370E-12
170.000000000000030E+0	32.788960061404833E-12
171.000000000000030E+0	121.504461899050930E-12
172.000000000000030E+0	825.125855779664010E-12
173.000000000000030E+0	951.341721646610910E-12
174.000000000000030E+0	305.114210710399800E-12
175.000000000000030E+0	59.179637022612287E-12
176.000000000000030E+0	369.795782991964460E-12
177.000000000000030E+0	929.293804491853430E-12
178.000000000000030E+0	792.247157055055130E-12
179.000000000000030E+0	80.907900678872697E-12
180.000000000000030E+0	9.093966074393915E-12
181.000000000000030E+0	170.322719481873220E-12
182.000000000000030E+0	120.416113333656260E-12
183.000000000000030E+0	146.863936028320130E-12
184.000000000000030E+0	427.286322868298950E-12
185.000000000000030E+0	1.397512073241284E-9
186.000000000000030E+0	3.485867216712490E-9
187.000000000000030E+0	1.827819070541252E-9
188.000000000000030E+0	364.059451795528090E-12
189.000000000000030E+0	642.310578805076830E-12
190.000000000000030E+0	356.885823089099260E-12
191.000000000000030E+0	116.152198218477320E-12
192.000000000000030E+0	166.219971177910510E-12
193.000000000000030E+0	79.973403719668216E-12
194.000000000000030E+0	70.213978174900624E-12
195.000000000000030E+0	155.815417007294460E-12
196.000000000000030E+0	487.991619155347850E-12
197.000000000000030E+0	387.682382026719320E-12
198.000000000000030E+0	260.745814786758700E-12
199.000000000000030E+0	1.321178168109884E-9
200.000000000000030E+0	2.974355338559291E-9
201.000000000000030E+0	817.074515462949210E-12
202.000000000000030E+0	277.978684393592740E-12
203.000000000000030E+0	509.059119789717670E-12
204.000000000000030E+0	421.436110862896080E-12
205.000000000000030E+0	583.452487022972960E-12
206.000000000000030E+0	428.786883052774600E-12
207.000000000000030E+0	213.005570600207560E-12
208.000000000000030E+0	361.159266009056020E-12
209.000000000000030E+0	286.959299427778310E-12
210.000000000000030E+0	241.807589900128110E-12
211.000000000000030E+0	198.698676080983210E-12
212.000000000000030E+0	401.966924345296580E-12
213.000000000000030E+0	1.887266119635125E-9
214.000000000000030E+0	3.964818694554542E-9
215.000000000000030E+0	787.133373960381610E-12
216.000000000000030E+0	30.325739523859572E-12
217.000000000000030E+0	49.487477196498085E-12
218.000000000000030E+0	71.834826168396750E-12
219.000000000000030E+0	3.122575732555041E-12
220.000000000000030E+0	394.945197780392150E-15
221.000000000000030E+0	255.867456733026830E-12
222.000000000000030E+0	586.192786920720120E-12
223.000000000000030E+0	326.864779763327490E-12
224.000000000000030E+0	999.147105745175820E-12
225.000000000000030E+0	886.530771137692590E-12
226.000000000000030E+0	1.311341272021469E-9
227.000000000000030E+0	538.920097695304900E-12
228.000000000000030E+0	140.426990061342660E-12
229.000000000000030E+0	273.906049874904820E-12
230.000000000000030E+0	20.661443091346297E-12
231.000000000000030E+0	178.888793020661200E-12
232.000000000000030E+0	1.081493882133878E-9
233.000000000000030E+0	1.592374310096649E-9
234.000000000000030E+0	1.018346556650417E-9
235.000000000000030E+0	90.529293835186773E-12
236.000000000000030E+0	267.881128848021360E-12
237.000000000000030E+0	1.077737738467023E-9
238.000000000000030E+0	1.957919145180963E-9
239.000000000000030E+0	305.441570957984800E-12
240.000000000000030E+0	227.837160182163270E-12
241.000000000000030E+0	438.603440952966280E-12
242.000000000000030E+0	194.534805071835800E-12
243.000000000000030E+0	161.822768226601560E-12
244.000000000000030E+0	215.063182817944850E-12
245.000000000000030E+0	205.385496920945530E-12
246.000000000000030E+0	286.444602160529960E-12
247.000000000000030E+0	162.729292188555690E-12
248.000000000000030E+0	219.847738037710820E-12
249.000000000000030E+0	1.655078625552061E-9
250.000000000000030E+0	2.661383712114485E-9
251.000000000000030E+0	145.847232959390620E-12
252.000000000000030E+0	36.578201532743076E-12
253.000000000000030E+0	175.548391618904350E-12
254.000000000000030E+0	114.973111504454180E-12
255.000000000000030E+0	169.510242247188620E-12
256.000000000000060E+0	651.940647196239390E-12
257.000000000000060E+0	442.879450869460970E-12
258.000000000000060E+0	298.960131399364630E-12
259.000000000000060E+0	53.472666747292024E-12
260.000000000000060E+0	162.458579752741480E-12
261.000000000000060E+0	370.076347073788670E-12
262.000000000000060E+0	11.052897793331833E-12
263.000000000000060E+0	205.727644495670180E-12
264.000000000000060E+0	203.275811519259100E-12
265.000000000000060E+0	70.860326090996726E-12
266.000000000000060E+0	12.275805257942312E-12
267.000000000000060E+0	22.274143612157279E-12
268.000000000000060E+0	48.403730348141207E-12
269.000000000000060E+0	55.494646041585052E-12
270.000000000000060E+0	2.939477347248071E-12
271.000000000000060E+0	76.475974207714829E-12
272.000000000000060E+0	277.022483299132040E-12
273.000000000000060E+0	44.951086555303500E-12
274.000000000000060E+0	73.745514084662297E-12
275.000000000000060E+0	15.731525421745430E-12
276.000000000000060E+0	64.498072176573252E-12
277.000000000000060E+0	250.752207106989010E-12
278.000000000000060E+0	1.157283499972993E-9
279.000000000000060E+0	324.030801685036870E-12
280.000000000000060E+0	107.229273390440300E-12
281.000000000000060E+0	774.810680273003170E-12
282.000000000000060E+0	835.716738298463360E-12
283.000000000000060E+0	239.282744748360030E-12
284.000000000000060E+0	166.659782389753790E-12
285.000000000000060E+0	393.126614501167160E-12
286.000000000000060E+0	824.146850475886540E-12
287.000000000000060E+0	896.827791597268150E-12
288.000000000000060E+0	141.006888627004450E-12
289.000000000000060E+0	291.057556891985240E-12
290.000000000000060E+0	582.475240626469710E-12
291.000000000000060E+0	219.081741875869880E-12
292.000000000000060E+0	21.270604807563738E-12
293.000000000000060E+0	9.539541613245968E-12
294.000000000000060E+0	28.445532224848217E-12
295.000000000000060E+0	215.737367241828790E-12
296.000000000000060E+0	358.227215121938170E-12
297.000000000000060E+0	548.543168200179480E-12
298.000000000000060E+0	264.200767800657080E-12
299.000000000000060E+0	2.553665441763007E-9
300.000000000000060E+0	7.636164253250848E-9
301.000000000000060E+0	3.333888998167903E-9
302.000000000000060E+0	53.007653399601915E-12
303.000000000000060E+0	483.585798003859520E-12
304.000000000000060E+0	375.985643401637090E-12
305.000000000000060E+0	102.021942720581510E-12
306.000000000000060E+0	602.668433524868450E-12
307.000000000000060E+0	605.980109448009850E-12
308.000000000000060E+0	129.914390245219850E-12
309.000000000000060E+0	205.282955299434620E-12
310.000000000000060E+0	207.761105344658810E-12
311.000000000000060E+0	43.428004085035689E-12
312.000000000000060E+0	578.092061046845650E-12
313.000000000000060E+0	1.354724094246670E-9
314.000000000000060E+0	1.070773654532406E-9
315.000000000000060E+0	156.995409263339520E-12
316.000000000000060E+0	250.813214458689940E-12
317.000000000000060E+0	879.917633517730190E-12
318.000000000000060E+0	639.468138233871220E-12
319.000000000000060E+0	202.655409986376050E-12
320.000000000000060E+0	376.986728594674960E-12
321.000000000000060E+0	98.903062161580503E-12
322.000000000000060E+0	82.770153974043667E-12
323.000000000000060E+0	170.135769423250740E-12
324.000000000000060E+0	103.789122270619620E-12
325.000000000000060E+0	356.396671611129590E-12
326.000000000000060E+0	376.454732281826890E-12
327.000000000000060E+0	56.249031188544701E-12
328.000000000000060E+0	103.984217633441600E-12
329.000000000000060E+0	146.259639347616630E-12
330.000000000000060E+0	25.889994382746338E-12
331.000000000000060E+0	100.117359241648610E-12
332.000000000000060E+0	33.296501042617056E-12
333.000000000000060E+0	68.751867176406819E-12
334.000000000000060E+0	35.913146934178133E-12
335.000000000000060E+0	20.024334886788265E-12
336.000000000000060E+0	210.865236660662360E-12
337.000000000000060E+0	424.980574643437580E-12
338.000000000000060E+0	434.231917375610150E-12
339.000000000000060E+0	223.218899409404510E-12
340.000000000000060E+0	318.694902639718080E-12
341.000000000000060E+0	1.093261830687742E-9
342.000000000000060E+0	216.192220586772810E-12
343.000000000000060E+0	251.328866226319880E-12
344.000000000000060E+0	245.421042754184130E-12
345.000000000000060E+0	238.718337646876690E-12
346.000000000000060E+0	96.419115169096087E-12
347.000000000000060E+0	276.112881892899690E-12
348.000000000000060E+0	508.560747319940480E-12
349.000000000000060E+0	955.661147278031230E-12
350.000000000000060E+0	1.875294420915657E-9
351.000000000000060E+0	817.934784220114060E-12
352.000000000000060E+0	44.580837314463639E-12
353.000000000000060E+0	60.323113452344789E-12
354.000000000000060E+0	49.924833344904148E-12
355.000000000000060E+0	207.238128823652510E-12
356.000000000000060E+0	355.846692841201060E-12
357.000000000000060E+0	457.211101288276220E-12
358.000000000000060E+0	257.081143256696060E-12
359.000000000000060E+0	78.930577295694382E-12
360.000000000000060E+0	173.183978203407150E-12
361.000000000000060E+0	558.277905150231540E-12
362.000000000000060E+0	325.829552498082770E-12
363.000000000000060E+0	2.367043606936637E-12
364.000000000000060E+0	200.929268200911640E-12
365.000000000000060E+0	114.320568035477920E-12
366.000000000000060E+0	22.261842525567781E-12
367.000000000000060E+0	65.080783224073614E-12
368.000000000000060E+0	67.887323785289430E-12
369.000000000000060E+0	603.394553926689460E-12
370.000000000000060E+0	610.212856006821190E-12
371.000000000000060E+0	328.047933525840150E-12
372.000000000000060E+0	352.230296707107230E-12
373.000000000000060E+0	136.945079089141490E-12
374.000000000000060E+0	497.582721553031460E-12
375.000000000000060E+0	117.618687581146960E-12
376.000000000000060E+0	93.095920052103981E-12
377.000000000000060E+0	1.196750082917291E-9
378.000000000000060E+0	1.971983892490072E-9
379.000000000000060E+0	384.134584319454060E-12
380.000000000000060E+0	70.777723225653149E-12
381.000000000000060E+0	773.395675998485690E-12
382.000000000000060E+0	757.186371897407370E-12
383.000000000000060E+0	563.232672660130470E-12
384.000000000000060E+0	810.594252106001730E-12
385.000000000000060E+0	742.621242541691830E-12
386.000000000000060E+0	818.783329500352700E-12
387.000000000000060E+0	952.649481830438580E-12
388.000000000000060E+0	1.145682396470466E-9
389.000000000000060E+0	783.358576302799880E-12
390.000000000000060E+0	199.864484885958180E-12
391.000000000000060E+0	562.644961732917120E-12
392.000000000000060E+0	251.779989033648410E-12
393.000000000000060E+0	21.062329184793771E-12
394.000000000000060E+0	91.021824150668085E-12
395.000000000000060E+0	223.420782015960150E-12
396.000000000000060E+0	42.743546296221427E-12
397.000000000000060E+0	36.894502045862320E-12
398.000000000000060E+0	120.280012070519240E-12
399.000000000000060E+0	195.905914306113780E-12
400.000000000000060E+0	316.944101471655490E-12
401.000000000000060E+0	85.380030942282095E-12
402.000000000000060E+0	81.637394625574438E-12
403.000000000000060E+0	20.324712412522400E-12
404.000000000000060E+0	88.693154012402634E-12
405.000000000000060E+0	98.815296661535937E-12
406.000000000000060E+0	64.340042400617716E-12
407.000000000000060E+0	253.393492854583520E-12
408.000000000000060E+0	343.294508014240020E-12
409.000000000000060E+0	554.515256456227090E-12
410.000000000000060E+0	428.826975698319390E-12
411.000000000000060E+0	517.845662047896980E-12
412.000000000000060E+0	415.227445637783770E-12
413.000000000000060E+0	2.456937734419251E-12
414.000000000000060E+0	442.617359044003470E-12
415.000000000000060E+0	209.366410418596820E-12
416.000000000000060E+0	44.614810638758025E-12
417.000000000000060E+0	402.735193627765110E-12
418.000000000000060E+0	338.577806681653150E-12
419.000000000000060E+0	204.449176681618580E-12
420.000000000000060E+0	521.403024517200950E-12
421.000000000000060E+0	184.850215013283710E-12
422.000000000000060E+0	117.001098674305000E-12
423.000000000000060E+0	6.171284735135458E-12
424.000000000000060E+0	52.731567206347579E-12
425.000000000000060E+0	54.954385659814535E-12
426.000000000000060E+0	12.432870092049636E-12
427.000000000000060E+0	2.920192647770715E-12
428.000000000000060E+0	440.261827583704230E-12
429.000000000000060E+0	913.013792762350590E-12
430.000000000000060E+0	738.274754821748220E-12
431.000000000000060E+0	56.481533393011728E-12
432.000000000000060E+0	1.216582075191759E-9
433.000000000000060E+0	737.435692288055520E-12
434.000000000000060E+0	198.865044316370520E-12
435.000000000000060E+0	1.850760036366379E-12
436.000000000000060E+0	51.826155974073123E-15
437.000000000000060E+0	18.856970620299696E-12
438.000000000000060E+0	244.283909419793910E-12
439.000000000000060E+0	331.194391577353640E-12
440.000000000000060E+0	202.852075563868850E-12
441.000000000000060E+0	402.038649715570510E-12
442.000000000000060E+0	585.098919259320170E-12
443.000000000000060E+0	226.358874044551600E-12
444.000000000000060E+0	510.781304313399550E-12
445.000000000000060E+0	492.083857119559260E-12
446.000000000000060E+0	186.395983412923430E-12
447.000000000000060E+0	606.321771106224260E-12
448.000000000000060E+0	602.951707921320700E-12
449.000000000000060E+0	72.007134318682309E-12
450.000000000000060E+0	553.102784387282380E-12
451.000000000000060E+0	403.302790628235360E-12
452.000000000000060E+0	1.231424390757261E-9
453.000000000000060E+0	1.085718406305382E-9
454.000000000000060E+0	302.365456370946330E-12
455.000000000000060E+0	43.063082205214766E-12
456.000000000000060E+0	100.330108837499410E-12
457.000000000000060E+0	43.811117532641436E-12
458.000000000000060E+0	432.214917848301600E-12
459.000000000000060E+0	1.120978189284822E-9
460.000000000000060E+0	970.790558737078350E-12
461.000000000000060E+0	246.499964145160250E-12
462.000000000000060E+0	44.965332422485439E-12
463.000000000000060E+0	25.802347553358654E-12
464.000000000000060E+0	87.187777446706961E-12
465.000000000000060E+0	463.702482747214770E-12
466.000000000000060E+0	600.343813873042360E-12
467.000000000000060E+0	245.901240324468050E-12
468.000000000000060E+0	103.774070719201910E-12
469.000000000000060E+0	625.628872642250490E-12
470.000000000000060E+0	413.986926803552130E-12
471.000000000000060E+0	37.112564621494943E-12
472.000000000000060E+0	567.206045702973660E-12
473.000000000000060E+0	772.083729042548110E-12
474.000000000000060E+0	488.221177982685130E-12
475.000000000000060E+0	513.574732067379110E-12
476.000000000000060E+0	43.775537541418926E-12
477.000000000000060E+0	506.920894121107570E-12
478.000000000000060E+0	323.983031043756980E-12
479.000000000000060E+0	11.408553122648642E-12
480.000000000000060E+0	38.373115066985726E-12
481.000000000000060E+0	174.798478106970010E-12
482.000000000000060E+0	180.856196286657050E-12
483.000000000000060E+0	1.688805831967708E-12
484.000000000000060E+0	64.745318108391247E-12
485.000000000000060E+0	31.604588580973029E-12
486.000000000000060E+0	43.933509926509061E-12
487.000000000000060E+0	281.595778525794020E-12
488.000000000000060E+0	383.280465939896010E-12
489.000000000000060E+0	185.163228612170610E-12
490.000000000000060E+0	1.072273174719059E-9
491.000000000000060E+0	888.378302166255700E-12
492.000000000000060E+0	534.582313695601730E-12
493.000000000000060E+0	330.598868357305540E-12
494.000000000000060E+0	291.997740163994490E-12
495.000000000000060E+0	150.950674550302080E-12
496.000000000000060E+0	222.628266915725030E-12
497.000000000000060E+0	54.777518193308211E-12
498.000000000000060E+0	28.038422983308004E-12
499.000000000000060E+0	362.280025519743550E-12
500.000000000000060E+0	1.159576024108548E-9
