Freq (Hz)	micro/hp_Mod	micro/hp_Phase(rad)
49.000000000000007E+0	724.649814180293280E-3	-17.222348140608716E+0
50.000000000000007E+0	1.049492186446463E+0	-17.984653740166333E+0
51.000000000000007E+0	823.621350269448270E-3	-15.697951576304771E+0
52.000000000000007E+0	280.775498440844650E-3	-17.778102000341054E+0
53.000000000000007E+0	250.771508856389440E-3	-19.776791647739806E+0
54.000000000000007E+0	90.996775698225424E-3	-21.208163277145939E+0
55.000000000000007E+0	134.595436281546100E-3	-21.626575903132839E+0
56.000000000000007E+0	162.767078088606080E-3	-23.516037992276310E+0
57.000000000000007E+0	115.873043855475810E-3	-25.508468822570705E+0
58.000000000000007E+0	94.552228786594167E-3	-27.705752316523537E+0
59.000000000000007E+0	35.251231693656911E-3	-29.992544417272708E+0
60.000000000000007E+0	60.268063569661953E-3	-31.186310827090622E+0
61.000000000000007E+0	65.021890351779590E-3	-34.183213514619780E+0
62.000000000000007E+0	12.291091526992514E-3	-31.979276423517788E+0
63.000000000000007E+0	37.148124639851891E-3	-29.954051388308525E+0
64.000000000000014E+0	74.258811037861291E-3	-33.081433377576864E+0
65.000000000000014E+0	86.475264323407186E-3	-35.527632610239181E+0
66.000000000000014E+0	26.586120729981576E-3	-38.236731534763493E+0
67.000000000000014E+0	22.492803727191382E-3	-37.516418892986294E+0
68.000000000000014E+0	21.674858813223404E-3	-35.060941410908157E+0
69.000000000000014E+0	28.286840169854062E-3	-32.225466884208913E+0
70.000000000000014E+0	11.685969655431963E-3	-34.900650702865455E+0
71.000000000000014E+0	6.487331711605434E-3	-34.479391385448629E+0
72.000000000000014E+0	9.241457791378775E-3	-36.308208246004035E+0
73.000000000000014E+0	19.728772394364581E-3	-37.950080025032840E+0
74.000000000000014E+0	22.241078167275642E-3	-40.187125636437557E+0
75.000000000000014E+0	12.730719864530506E-3	-42.262306281721457E+0
76.000000000000014E+0	4.764386483516038E-3	-45.258807079180876E+0
77.000000000000014E+0	1.810882507636637E-3	-44.547769434700747E+0
78.000000000000014E+0	8.864441771279227E-3	-47.098030224351795E+0
79.000000000000014E+0	4.873447786718911E-3	-48.063858618789574E+0
80.000000000000014E+0	10.515490241718044E-3	-49.437637985662178E+0
81.000000000000014E+0	15.686239770311725E-3	-51.432378324784565E+0
82.000000000000014E+0	17.674825341213101E-3	-52.897146704647469E+0
83.000000000000014E+0	21.755843154612282E-3	-54.754584759227271E+0
84.000000000000014E+0	15.648844661956068E-3	-57.069974635161415E+0
85.000000000000014E+0	10.646343482030531E-3	-59.168671173460993E+0
86.000000000000014E+0	13.792684087325207E-3	-61.433584975428630E+0
87.000000000000014E+0	9.493899164776836E-3	-63.699297377940439E+0
88.000000000000014E+0	4.351549128246719E-3	-64.940376982479577E+0
89.000000000000014E+0	4.515901637880449E-3	-66.961937685681065E+0
90.000000000000014E+0	1.644061017302383E-3	-65.282267778003657E+0
91.000000000000014E+0	3.990149416250379E-3	-67.880511592504945E+0
92.000000000000014E+0	6.032051833137990E-3	-70.729791090055841E+0
93.000000000000014E+0	8.049240437185939E-3	-72.520422550550350E+0
94.000000000000014E+0	9.832635887302769E-3	-72.967385941231953E+0
95.000000000000014E+0	11.827466570638861E-3	-74.487408368617522E+0
96.000000000000014E+0	2.519613457700863E-3	-76.154165903864651E+0
97.000000000000014E+0	1.602048034999492E-3	-75.960262406256689E+0
98.000000000000014E+0	4.865646886707170E-3	-73.870793412814578E+0
99.000000000000014E+0	7.943130006052138E-3	-71.933420302168272E+0
100.000000000000010E+0	22.042382620937065E-3	-74.365872767538860E+0
101.000000000000010E+0	9.445404786608871E-3	-76.638270655239097E+0
102.000000000000010E+0	4.125627508232524E-3	-74.079599307951412E+0
103.000000000000010E+0	1.824254555503385E-3	-74.599210474675729E+0
104.000000000000010E+0	4.102446202104735E-3	-75.506844491466836E+0
105.000000000000010E+0	4.300635464884557E-3	-77.416296537270369E+0
106.000000000000010E+0	2.598740833479044E-3	-79.379273577548474E+0
107.000000000000010E+0	1.145771596272681E-3	-79.941352874564899E+0
108.000000000000010E+0	4.050773375720564E-3	-82.105298998384271E+0
109.000000000000010E+0	4.407321533402592E-3	-84.885495366727795E+0
110.000000000000010E+0	5.096622548377189E-3	-87.314276414346622E+0
111.000000000000010E+0	5.438799769146461E-3	-88.578713683414875E+0
112.000000000000010E+0	5.134363055187936E-3	-90.036985688342099E+0
113.000000000000010E+0	1.856841086914357E-3	-92.296232908522455E+0
114.000000000000010E+0	2.592620463714387E-3	-94.812688912840684E+0
115.000000000000010E+0	11.664497090200255E-3	-95.436508299570931E+0
116.000000000000010E+0	18.527480977203751E-3	-97.138196301532588E+0
117.000000000000010E+0	8.524591507970995E-3	-99.073323435289680E+0
118.000000000000010E+0	157.778182944866120E-6	-99.331838336771938E+0
119.000000000000010E+0	1.111789512991766E-3	-100.572607932871650E+0
120.000000000000010E+0	546.285852106320270E-6	-103.620871078315620E+0
121.000000000000010E+0	830.139634557776580E-6	-104.865695858837200E+0
122.000000000000010E+0	1.333480307969441E-3	-105.308552849781690E+0
123.000000000000010E+0	1.753683468787894E-3	-106.780355279146680E+0
124.000000000000010E+0	640.920541450690720E-6	-109.185742997229370E+0
125.000000000000010E+0	832.778811943542840E-6	-106.468379561911820E+0
126.000000000000010E+0	823.361681775850290E-6	-106.622716146573590E+0
127.000000000000010E+0	2.113416466413548E-3	-107.947557177644070E+0
128.000000000000030E+0	1.157489097258820E-3	-109.116453048875660E+0
129.000000000000030E+0	1.398500476169048E-3	-108.799495952809540E+0
130.000000000000030E+0	1.235054311397096E-3	-109.792406243970050E+0
131.000000000000030E+0	615.372560395281280E-6	-107.681410262230560E+0
132.000000000000030E+0	2.111033645889094E-3	-108.986295401130550E+0
133.000000000000030E+0	2.065012356558061E-3	-110.252768958463950E+0
134.000000000000030E+0	1.174601551859389E-3	-111.275088487541140E+0
135.000000000000030E+0	622.498211796886430E-6	-112.455588912553740E+0
136.000000000000030E+0	476.430620598021830E-6	-115.127655720295510E+0
137.000000000000030E+0	472.115059524205450E-6	-113.605544789395510E+0
138.000000000000030E+0	2.459918399414646E-3	-115.168531314109320E+0
139.000000000000030E+0	2.154736721066973E-3	-116.671087322762860E+0
140.000000000000030E+0	288.259753064750880E-6	-115.288014096568160E+0
141.000000000000030E+0	858.072605640011210E-6	-117.016720953310910E+0
142.000000000000030E+0	772.395036108966130E-6	-119.958510886540210E+0
143.000000000000030E+0	992.612706877646180E-6	-121.297212297212500E+0
144.000000000000030E+0	1.007529054550922E-3	-122.441900471540660E+0
145.000000000000030E+0	490.245158198098770E-6	-124.217622097153760E+0
146.000000000000030E+0	329.909608961942590E-6	-127.057482526788720E+0
147.000000000000030E+0	264.780941697709170E-6	-129.274251354082480E+0
148.000000000000030E+0	967.382363735205830E-6	-131.603275322208820E+0
149.000000000000030E+0	2.200861279027059E-3	-133.012535783758890E+0
150.000000000000030E+0	2.439790987849523E-3	-134.380692739323710E+0
151.000000000000030E+0	950.741946387000950E-6	-135.764605504757360E+0
152.000000000000030E+0	416.442277314935500E-6	-133.553019397410080E+0
153.000000000000030E+0	323.812828559256940E-6	-134.518608316432930E+0
154.000000000000030E+0	236.291501156864180E-6	-135.978830990128160E+0
155.000000000000030E+0	747.150330973897190E-6	-137.886143512753650E+0
156.000000000000030E+0	728.777471415269020E-6	-139.595371770213800E+0
157.000000000000030E+0	640.548443495013180E-6	-141.326053709599700E+0
158.000000000000030E+0	534.677326241852980E-6	-142.471060080521450E+0
159.000000000000030E+0	517.898057417306510E-6	-143.573600737794290E+0
160.000000000000030E+0	192.461430948184310E-6	-144.778420015961610E+0
161.000000000000030E+0	662.235233103856590E-6	-143.031669941492510E+0
162.000000000000030E+0	497.315808709219620E-6	-144.392504006589890E+0
163.000000000000030E+0	186.126801859096750E-6	-142.524508455618220E+0
164.000000000000030E+0	348.322816695738090E-6	-144.252728935600740E+0
165.000000000000030E+0	149.410157110439370E-6	-145.539159924370750E+0
166.000000000000030E+0	111.232414603393120E-6	-143.499929285848110E+0
167.000000000000030E+0	65.019164800582098E-6	-143.338547060071730E+0
168.000000000000030E+0	148.982097359603750E-6	-144.263741509583610E+0
169.000000000000030E+0	262.996129435015750E-6	-145.891546505635430E+0
170.000000000000030E+0	331.132884197764420E-6	-147.258608336144680E+0
171.000000000000030E+0	301.503798644682020E-6	-148.300343021846490E+0
172.000000000000030E+0	143.972497140587510E-6	-148.267157008337700E+0
173.000000000000030E+0	300.072695121417970E-6	-147.566607693237590E+0
174.000000000000030E+0	499.218975665486940E-6	-148.765133621487510E+0
175.000000000000030E+0	461.058899942319590E-6	-150.341968927852830E+0
176.000000000000030E+0	297.605504555287680E-6	-151.841148241900530E+0
177.000000000000030E+0	260.432075984092390E-6	-153.066899937016530E+0
178.000000000000030E+0	215.748322654375150E-6	-153.751990899316580E+0
179.000000000000030E+0	60.052347762232138E-6	-152.547311328714500E+0
180.000000000000030E+0	298.619149414506290E-6	-152.691764057427060E+0
181.000000000000030E+0	250.006789133233900E-6	-153.640453860800590E+0
182.000000000000030E+0	303.987684045714740E-6	-154.699451455785780E+0
183.000000000000030E+0	216.264848312957020E-6	-155.572650032076810E+0
184.000000000000030E+0	202.860708665622840E-6	-154.049581714472820E+0
185.000000000000030E+0	226.698791710164530E-6	-153.718887074049490E+0
186.000000000000030E+0	448.218480565104210E-6	-153.960650605526580E+0
187.000000000000030E+0	284.253485772513510E-6	-154.725301427066540E+0
188.000000000000030E+0	152.269724180558610E-6	-152.911018104585030E+0
189.000000000000030E+0	270.884486458698510E-6	-153.263404619229360E+0
190.000000000000030E+0	157.366389523177590E-6	-152.704813946579090E+0
191.000000000000030E+0	171.675063066389010E-6	-153.328110420136850E+0
192.000000000000030E+0	111.746000378610470E-6	-150.545736102798880E+0
193.000000000000030E+0	260.512439520462630E-6	-152.132516605517400E+0
194.000000000000030E+0	201.512921653762010E-6	-154.137419264003480E+0
195.000000000000030E+0	281.387029356822220E-6	-155.527459269817540E+0
196.000000000000030E+0	207.088677776742090E-6	-155.803616179161140E+0
197.000000000000030E+0	179.515942004713700E-6	-154.875651190586810E+0
198.000000000000030E+0	404.630463526390240E-6	-154.793179391897950E+0
199.000000000000030E+0	438.750520149413250E-6	-155.101610276877840E+0
200.000000000000030E+0	224.076029439485870E-6	-155.489654853140190E+0
201.000000000000030E+0	10.527115604922002E-6	-158.252945222942710E+0
202.000000000000030E+0	59.195657881244515E-6	-157.323088073818380E+0
203.000000000000030E+0	83.469608702097038E-6	-156.911489697238010E+0
204.000000000000030E+0	258.776240320379970E-6	-156.684151876166420E+0
205.000000000000030E+0	388.431204738936590E-6	-157.235368610164930E+0
206.000000000000030E+0	233.121237046564210E-6	-157.593092178792860E+0
207.000000000000030E+0	138.357309878360250E-6	-156.484040952329880E+0
208.000000000000030E+0	167.783391591854120E-6	-156.145376596983510E+0
209.000000000000030E+0	513.646825902330560E-6	-155.760721981211300E+0
210.000000000000030E+0	524.946554749738640E-6	-156.423559323400380E+0
211.000000000000030E+0	60.706268522243792E-6	-155.866250171318850E+0
212.000000000000030E+0	176.470016518466770E-6	-155.590120994045720E+0
213.000000000000030E+0	30.744031123919762E-6	-154.352572700504910E+0
214.000000000000030E+0	117.416174732929260E-6	-153.678980442118160E+0
215.000000000000030E+0	229.400134770679170E-6	-150.581168346357510E+0
216.000000000000030E+0	715.069578986955640E-6	-150.934449441698830E+0
217.000000000000030E+0	572.830327974837370E-6	-151.363063438028860E+0
218.000000000000030E+0	232.828666097325790E-6	-152.225491067637020E+0
219.000000000000030E+0	140.777833220818560E-6	-153.354677671469600E+0
220.000000000000030E+0	23.706382672207720E-6	-153.213804087275150E+0
221.000000000000030E+0	110.137613602251970E-6	-155.416429591937600E+0
222.000000000000030E+0	303.706859511246080E-6	-155.386679768563400E+0
223.000000000000030E+0	106.519960135939290E-6	-154.435109643427010E+0
224.000000000000030E+0	331.838940581390700E-6	-153.447653670288730E+0
225.000000000000030E+0	251.551541253200930E-6	-153.312661325754850E+0
226.000000000000030E+0	305.461500425745310E-6	-153.912732900167670E+0
227.000000000000030E+0	426.077236819194210E-6	-155.105117557894520E+0
228.000000000000030E+0	189.290372677268110E-6	-156.086517429907050E+0
229.000000000000030E+0	167.450263603090940E-6	-157.468424114559500E+0
230.000000000000030E+0	306.581919844648800E-6	-156.998067665304940E+0
231.000000000000030E+0	249.069617693477840E-6	-155.960289433072060E+0
232.000000000000030E+0	412.846024085833720E-6	-155.465985949001490E+0
233.000000000000030E+0	370.920262986476790E-6	-155.958014704173930E+0
234.000000000000030E+0	121.777570009495800E-6	-154.592003169655580E+0
235.000000000000030E+0	596.914672251834320E-6	-153.761945117768590E+0
236.000000000000030E+0	518.548610340104160E-6	-153.767517468308280E+0
237.000000000000030E+0	268.162743956141980E-6	-155.014312839222580E+0
238.000000000000030E+0	542.160770050236220E-6	-155.182804599268020E+0
239.000000000000030E+0	672.830422126257150E-6	-154.872609804190320E+0
240.000000000000030E+0	420.619996034924790E-6	-155.093739094954370E+0
241.000000000000030E+0	267.610168116531490E-6	-156.227846692952000E+0
242.000000000000030E+0	118.040827762705320E-6	-157.630479871193100E+0
243.000000000000030E+0	382.328508345084050E-6	-159.840535675229740E+0
244.000000000000030E+0	674.252728666759710E-6	-160.052115100093910E+0
245.000000000000030E+0	664.065445562360480E-6	-159.846587252478510E+0
246.000000000000030E+0	533.142548911543510E-6	-159.619826589077580E+0
247.000000000000030E+0	265.158944561899330E-6	-159.809640328156630E+0
248.000000000000030E+0	70.676775862352039E-6	-158.837518838560580E+0
249.000000000000030E+0	384.986608190907120E-6	-159.795722033281750E+0
250.000000000000030E+0	837.845162191843650E-6	-160.107525363063670E+0
251.000000000000030E+0	671.739006568193450E-6	-159.776884334720620E+0
252.000000000000030E+0	647.497873795420050E-6	-158.952105308633350E+0
253.000000000000030E+0	354.032191960381130E-6	-159.077135892781030E+0
254.000000000000030E+0	297.459243314865240E-6	-161.199424464212110E+0
255.000000000000030E+0	561.469184517746880E-6	-161.199412965191410E+0
256.000000000000060E+0	714.683660409070340E-6	-161.106495702029520E+0
257.000000000000060E+0	448.824759941672100E-6	-161.243302747855810E+0
258.000000000000060E+0	79.844566142470269E-6	-163.183124925111770E+0
259.000000000000060E+0	483.991390232523940E-6	-164.167723144306560E+0
260.000000000000060E+0	868.832140431224310E-6	-164.231257253022790E+0
261.000000000000060E+0	596.853093736702370E-6	-164.170037965901910E+0
262.000000000000060E+0	150.867982814366300E-6	-165.768229232395190E+0
263.000000000000060E+0	190.745133928080730E-6	-166.541328966017400E+0
264.000000000000060E+0	299.386329051259830E-6	-169.007135698027780E+0
265.000000000000060E+0	379.634831413404980E-6	-169.164867596527410E+0
266.000000000000060E+0	209.404412759137960E-6	-169.555940715052490E+0
267.000000000000060E+0	284.965749419165480E-6	-170.291484265606810E+0
268.000000000000060E+0	170.028095635597140E-6	-170.615452772310450E+0
269.000000000000060E+0	217.689420221287690E-6	-172.826762906012820E+0
270.000000000000060E+0	467.491330846000390E-6	-171.547428129183490E+0
271.000000000000060E+0	959.314505568503470E-6	-170.796904763936740E+0
272.000000000000060E+0	1.070809936755903E-3	-170.188827650860730E+0
273.000000000000060E+0	489.050471301121920E-6	-169.504910550198250E+0
274.000000000000060E+0	772.072681084034610E-6	-167.834687789456890E+0
275.000000000000060E+0	854.546160901008850E-6	-168.708151743682610E+0
276.000000000000060E+0	1.062042751912462E-3	-169.792522500813930E+0
277.000000000000060E+0	639.068599596427540E-6	-170.848408174333910E+0
278.000000000000060E+0	146.024634610379110E-6	-171.476085473879950E+0
279.000000000000060E+0	677.549945011905910E-6	-173.705690445670200E+0
280.000000000000060E+0	993.698302806211640E-6	-173.217257083156260E+0
281.000000000000060E+0	671.078201991101880E-6	-174.094572582649900E+0
282.000000000000060E+0	945.368078471311840E-6	-174.746375824907520E+0
283.000000000000060E+0	1.000496690606607E-3	-176.012931652395020E+0
284.000000000000060E+0	1.462340720525147E-3	-175.983290522924110E+0
285.000000000000060E+0	1.076804857945589E-3	-175.148515763704130E+0
286.000000000000060E+0	1.312707794617181E-3	-173.367489348027330E+0
287.000000000000060E+0	1.609278622258292E-3	-172.540469923389540E+0
288.000000000000060E+0	825.730798735967990E-6	-170.522435188563950E+0
289.000000000000060E+0	2.462428124832431E-3	-169.493992942883070E+0
290.000000000000060E+0	1.609901217992345E-3	-169.873878013586850E+0
291.000000000000060E+0	1.161494319363778E-3	-170.243714395602580E+0
292.000000000000060E+0	1.338568644208399E-3	-169.512090679037700E+0
293.000000000000060E+0	2.426397909522639E-3	-169.434689898845620E+0
294.000000000000060E+0	1.281231869778571E-3	-169.396800071378290E+0
295.000000000000060E+0	924.664553333409100E-6	-171.689977354338340E+0
296.000000000000060E+0	1.457339817605134E-3	-170.978501972290530E+0
297.000000000000060E+0	1.485199021268106E-3	-169.387497282468500E+0
298.000000000000060E+0	3.392596176039375E-3	-168.796815980746090E+0
299.000000000000060E+0	6.527098494677462E-3	-167.914031229457320E+0
300.000000000000060E+0	4.070968723007730E-3	-167.017822811733230E+0
301.000000000000060E+0	1.778157603029447E-3	-166.189046769957460E+0
302.000000000000060E+0	3.845154958570133E-3	-164.860038453274340E+0
303.000000000000060E+0	6.131534653771607E-3	-163.728978844668800E+0
304.000000000000060E+0	10.507671041756164E-3	-162.698112902393720E+0
305.000000000000060E+0	8.533668126924019E-3	-162.657702255254180E+0
306.000000000000060E+0	19.177501376049282E-3	-162.721026470415130E+0
307.000000000000060E+0	5.954757255807117E-3	-160.334814746424540E+0
308.000000000000060E+0	5.874178298441738E-3	-157.609976348919450E+0
309.000000000000060E+0	2.819457230768564E-3	-157.082458495386110E+0
310.000000000000060E+0	13.984866293554022E-3	-156.400408072809370E+0
311.000000000000060E+0	4.760261010425372E-3	-154.716845937334200E+0
312.000000000000060E+0	1.128697007646952E-3	-154.988748270179370E+0
313.000000000000060E+0	4.038438163174986E-3	-156.192757328971230E+0
314.000000000000060E+0	9.664443033830218E-3	-156.406789550829780E+0
315.000000000000060E+0	12.615065285715920E-3	-155.033793084050220E+0
316.000000000000060E+0	7.783482147592330E-3	-154.243153514439260E+0
317.000000000000060E+0	3.475804112517842E-3	-154.088474213845470E+0
318.000000000000060E+0	1.616919701596045E-3	-155.250416048319750E+0
319.000000000000060E+0	2.378726678390064E-3	-154.271636488732980E+0
320.000000000000060E+0	2.735956909721447E-3	-152.933362526637890E+0
321.000000000000060E+0	2.057132898427037E-3	-151.120139728065420E+0
322.000000000000060E+0	969.546147772380110E-6	-151.695481735551400E+0
323.000000000000060E+0	3.432281754900606E-3	-152.042355865488760E+0
324.000000000000060E+0	2.916678972846102E-3	-151.470086013413180E+0
325.000000000000060E+0	793.462437243381140E-6	-151.357324554875110E+0
326.000000000000060E+0	1.960153153206995E-3	-150.860806510689340E+0
327.000000000000060E+0	2.823220851114788E-3	-149.497055175025540E+0
328.000000000000060E+0	2.201055444676737E-3	-147.751955468420530E+0
329.000000000000060E+0	1.859797812018372E-3	-146.400249883533970E+0
330.000000000000060E+0	932.081828349834870E-6	-148.111482955977120E+0
331.000000000000060E+0	3.076003851156250E-3	-147.204425952680080E+0
332.000000000000060E+0	2.301365191714254E-3	-146.545039993634160E+0
333.000000000000060E+0	1.177248994361841E-3	-145.879973550251440E+0
334.000000000000060E+0	1.012113489706715E-3	-143.693641530219200E+0
335.000000000000060E+0	1.523977914043500E-3	-141.858727038086240E+0
336.000000000000060E+0	1.971523334276914E-3	-140.452943473044200E+0
337.000000000000060E+0	769.839221180708970E-6	-140.513911355263500E+0
338.000000000000060E+0	1.872264791891020E-3	-140.064809915402890E+0
339.000000000000060E+0	1.611272229998072E-3	-138.396584390750460E+0
340.000000000000060E+0	986.794979454226100E-6	-137.329571983341850E+0
341.000000000000060E+0	885.188060030941450E-6	-138.255137850562760E+0
342.000000000000060E+0	1.393551109907511E-3	-137.922427314446930E+0
343.000000000000060E+0	662.089709395906420E-6	-136.440476277659140E+0
344.000000000000060E+0	510.912737909894950E-6	-135.802229797809700E+0
345.000000000000060E+0	806.705301501180690E-6	-135.150248214851840E+0
346.000000000000060E+0	394.952107542653560E-6	-137.972683969167950E+0
347.000000000000060E+0	1.438004167803465E-3	-136.248010865979010E+0
348.000000000000060E+0	1.678324282377550E-3	-134.805277796674970E+0
349.000000000000060E+0	1.147329494263598E-3	-132.641178371090090E+0
350.000000000000060E+0	1.828870102197884E-3	-130.519214968551780E+0
351.000000000000060E+0	1.603723525222768E-3	-129.685937932030130E+0
352.000000000000060E+0	943.390698143981540E-6	-128.064119352174090E+0
353.000000000000060E+0	1.709794378238302E-3	-126.311831584220530E+0
354.000000000000060E+0	1.693506218661779E-3	-125.929300082570120E+0
355.000000000000060E+0	1.130357559580476E-3	-125.395126967106820E+0
356.000000000000060E+0	1.305570271680937E-3	-126.880263527377640E+0
357.000000000000060E+0	2.191249525217178E-3	-125.741261940088110E+0
358.000000000000060E+0	1.290066324315370E-3	-124.179307271462320E+0
359.000000000000060E+0	1.215685936291779E-3	-122.463528213665680E+0
360.000000000000060E+0	844.026234393031130E-6	-120.638562290520870E+0
361.000000000000060E+0	923.690403604428540E-6	-117.545217171533270E+0
362.000000000000060E+0	915.612009725790160E-6	-115.891399588654470E+0
363.000000000000060E+0	439.472629732171140E-6	-115.062120070433110E+0
364.000000000000060E+0	568.174056764900680E-6	-112.626269883512290E+0
365.000000000000060E+0	478.964116312777300E-6	-110.722641907826260E+0
366.000000000000060E+0	1.070132331231472E-3	-112.593489734918560E+0
367.000000000000060E+0	1.570182799452790E-3	-111.081141469812580E+0
368.000000000000060E+0	873.252857256170160E-6	-109.102654213109560E+0
369.000000000000060E+0	1.775668843045294E-3	-106.539586667456630E+0
370.000000000000060E+0	2.180077849334420E-3	-105.170233232043230E+0
371.000000000000060E+0	316.149082593414910E-6	-104.111287096180590E+0
372.000000000000060E+0	1.471857957884593E-3	-106.208754506289890E+0
373.000000000000060E+0	1.713049377015329E-3	-105.189420210899390E+0
374.000000000000060E+0	707.941830672928250E-6	-103.464072016473120E+0
375.000000000000060E+0	1.235581965441583E-3	-101.479766860235340E+0
376.000000000000060E+0	1.802333414164240E-3	-100.634975272211450E+0
377.000000000000060E+0	1.031906622192370E-3	-100.028526251442160E+0
378.000000000000060E+0	1.194930524108702E-3	-100.027391800885030E+0
379.000000000000060E+0	1.642720539746639E-3	-98.595527538119043E+0
380.000000000000060E+0	1.296134603371213E-3	-96.875170147506452E+0
381.000000000000060E+0	523.351880122609910E-6	-95.091956765949732E+0
382.000000000000060E+0	173.297282582531800E-6	-92.813630130136587E+0
383.000000000000060E+0	688.341636629091320E-6	-90.094259653832125E+0
384.000000000000060E+0	698.735817952196670E-6	-88.122080333367322E+0
385.000000000000060E+0	508.278357843923900E-6	-91.099964753104032E+0
386.000000000000060E+0	774.955330333426540E-6	-90.192036269403218E+0
387.000000000000060E+0	1.587288367650170E-3	-89.480600270142219E+0
388.000000000000060E+0	1.199687949089920E-3	-87.637331277798026E+0
389.000000000000060E+0	1.379166156897988E-3	-84.856681207425950E+0
390.000000000000060E+0	1.538881243838527E-3	-82.657674187840143E+0
391.000000000000060E+0	1.208083064501623E-3	-80.626654999873523E+0
392.000000000000060E+0	787.960551695711560E-6	-83.114931368879965E+0
393.000000000000060E+0	2.963607351656110E-3	-81.373009893019514E+0
394.000000000000060E+0	2.929459265980783E-3	-79.599404471083417E+0
395.000000000000060E+0	1.737348689251910E-3	-77.282513203500443E+0
396.000000000000060E+0	626.778770154950810E-6	-74.626291453038277E+0
397.000000000000060E+0	807.528090911122660E-6	-76.854211362553784E+0
398.000000000000060E+0	716.316956663348520E-6	-74.150110392078119E+0
399.000000000000060E+0	1.922601299141614E-3	-77.003986794799090E+0
400.000000000000060E+0	2.013421221446199E-3	-75.225583058824000E+0
401.000000000000060E+0	369.556400150557270E-6	-72.979690387246663E+0
402.000000000000060E+0	469.867404756694640E-6	-70.191772965524279E+0
403.000000000000060E+0	425.868247621676460E-6	-67.715962610218810E+0
404.000000000000060E+0	1.023953257895359E-3	-66.104011006672763E+0
405.000000000000060E+0	1.795631934298714E-3	-65.027272694713091E+0
406.000000000000060E+0	2.028307381520977E-3	-63.104973451285829E+0
407.000000000000060E+0	1.211788415212831E-3	-60.782496071174187E+0
408.000000000000060E+0	823.784153636132720E-6	-58.771225838454875E+0
409.000000000000060E+0	1.242446349945963E-3	-56.639856953625511E+0
410.000000000000060E+0	1.707713974703237E-3	-54.873856330384591E+0
411.000000000000060E+0	1.682922907474340E-3	-53.583394936794676E+0
412.000000000000060E+0	1.689737484667055E-3	-51.293648825262153E+0
413.000000000000060E+0	2.935708789658631E-3	-48.904480607642434E+0
414.000000000000060E+0	2.701229283395547E-3	-47.040945243179898E+0
415.000000000000060E+0	2.048074178428450E-3	-45.519518608336824E+0
416.000000000000060E+0	1.258426703790898E-3	-43.281001187523017E+0
417.000000000000060E+0	1.243900219624068E-3	-44.589900169639797E+0
418.000000000000060E+0	4.524337741173092E-3	-42.352137128617230E+0
419.000000000000060E+0	5.121925744517759E-3	-40.419999947744856E+0
420.000000000000060E+0	1.906245517642984E-3	-38.487184240651345E+0
421.000000000000060E+0	1.808888159409159E-3	-36.051789470005659E+0
422.000000000000060E+0	3.840320812680093E-3	-34.589280156323682E+0
423.000000000000060E+0	4.844992662073748E-3	-32.954611908168857E+0
424.000000000000060E+0	3.268350503049565E-3	-31.124518654590389E+0
425.000000000000060E+0	3.048517217840994E-3	-28.968963486172122E+0
426.000000000000060E+0	2.653755701545050E-3	-26.785743557078796E+0
427.000000000000060E+0	1.350741124420233E-3	-24.349724001222775E+0
428.000000000000060E+0	1.394701288890620E-3	-22.426396278908353E+0
429.000000000000060E+0	1.412568195658851E-3	-20.927903956843611E+0
430.000000000000060E+0	476.509377884274720E-6	-19.443476007743154E+0
431.000000000000060E+0	436.609519989416940E-6	-20.484229310150262E+0
432.000000000000060E+0	1.269198586845276E-3	-19.241161796935160E+0
433.000000000000060E+0	2.957966834262742E-3	-17.489765127674314E+0
434.000000000000060E+0	3.677540043591861E-3	-15.514532098900524E+0
435.000000000000060E+0	4.241049916335453E-3	-13.121519533128524E+0
436.000000000000060E+0	4.214567859057156E-3	-10.576081299344013E+0
437.000000000000060E+0	2.952979657098166E-3	-7.950589908252965E+0
438.000000000000060E+0	2.248178555331260E-3	-10.660029299986590E+0
439.000000000000060E+0	868.518953500455110E-6	-11.830883229806952E+0
440.000000000000060E+0	4.243334711117926E-3	-9.032350661383113E+0
441.000000000000060E+0	3.828406080244073E-3	-5.936906905225173E+0
442.000000000000060E+0	5.014613795448732E-3	-3.135065484794730E+0
443.000000000000060E+0	2.177089169315455E-3	-380.080057227362430E-3
444.000000000000060E+0	2.304071382889723E-3	2.667956444869025E+0
445.000000000000060E+0	2.422990744367608E-3	4.796945703397129E+0
446.000000000000060E+0	1.440512018078752E-3	1.980961716998012E+0
447.000000000000060E+0	2.219850040676291E-3	-912.277642839337770E-3
448.000000000000060E+0	125.869341826643210E-6	1.045111738829590E+0
449.000000000000060E+0	946.700024470353780E-6	-259.270329682493360E-3
450.000000000000060E+0	1.156240241184311E-3	1.079563214225940E+0
451.000000000000060E+0	2.292037964612354E-3	3.339100579339147E+0
452.000000000000060E+0	2.796842496042968E-3	5.402911691791367E+0
453.000000000000060E+0	2.794748882952877E-3	6.457962117701459E+0
454.000000000000060E+0	3.313811835258006E-3	8.077252164293995E+0
455.000000000000060E+0	2.692672394085316E-3	8.844622398955989E+0
456.000000000000060E+0	2.565837937641422E-3	10.970668179392154E+0
457.000000000000060E+0	935.229025581484400E-6	12.797681683424338E+0
458.000000000000060E+0	1.181253059553971E-3	11.014080635713446E+0
459.000000000000060E+0	2.210210169148318E-3	13.961461237569489E+0
460.000000000000060E+0	1.862378121962684E-3	12.941196128296028E+0
461.000000000000060E+0	3.666721000458793E-3	15.621637215981949E+0
462.000000000000060E+0	1.697651582877144E-3	18.280323293222736E+0
463.000000000000060E+0	742.225491187088510E-6	15.510632089289183E+0
464.000000000000060E+0	1.801959467573135E-3	14.599883155000663E+0
465.000000000000060E+0	2.730992757364241E-3	12.384489829198024E+0
466.000000000000060E+0	6.762330048304976E-3	15.230802350713978E+0
467.000000000000060E+0	3.723155903190352E-3	17.558202466416887E+0
468.000000000000060E+0	1.053299014328849E-3	18.444437255855927E+0
469.000000000000060E+0	1.991736535834158E-3	21.255201990563396E+0
470.000000000000060E+0	516.503280918067970E-6	23.367237746263196E+0
471.000000000000060E+0	972.527093006315910E-6	26.062088365000427E+0
472.000000000000060E+0	6.243569910498359E-3	23.562201126154598E+0
473.000000000000060E+0	10.753200758411489E-3	26.366695474505999E+0
474.000000000000060E+0	8.396014683359472E-3	29.291394616010361E+0
475.000000000000060E+0	10.671972173844557E-3	31.541720614643292E+0
476.000000000000060E+0	5.418383097025986E-3	34.308663273147353E+0
477.000000000000060E+0	13.754083887591166E-3	31.644426292295201E+0
478.000000000000060E+0	9.104648805229739E-3	34.577229312703473E+0
479.000000000000060E+0	1.664717209911628E-3	31.723116838685740E+0
480.000000000000060E+0	4.850493446396203E-3	30.541212657130611E+0
481.000000000000060E+0	1.810905788216402E-3	28.316976714592037E+0
482.000000000000060E+0	6.997806352944188E-3	25.696123375194958E+0
483.000000000000060E+0	7.327480215671965E-3	26.150062246275297E+0
484.000000000000060E+0	5.199579494535192E-3	27.971826617716292E+0
485.000000000000060E+0	18.737138418038552E-3	29.554052437279893E+0
486.000000000000060E+0	33.515828069060075E-3	32.183346624414021E+0
487.000000000000060E+0	15.159507872630828E-3	34.739169273367111E+0
488.000000000000060E+0	15.338612028671234E-3	37.668729562495997E+0
489.000000000000060E+0	1.866721754597764E-3	38.536012635570330E+0
490.000000000000060E+0	6.803218373095206E-3	39.173333208616512E+0
491.000000000000060E+0	6.640075741221486E-3	40.020389260596133E+0
492.000000000000060E+0	14.889331277470910E-3	42.504953758035455E+0
493.000000000000060E+0	9.282413164129878E-3	39.753481052675042E+0
494.000000000000060E+0	88.148185938439899E-3	37.055267841206898E+0
495.000000000000060E+0	18.947123772029367E-3	36.681759894987472E+0
496.000000000000060E+0	51.810675964288143E-3	34.884540829875029E+0
497.000000000000060E+0	25.284029283394287E-3	36.073945950894775E+0
498.000000000000060E+0	22.579644390733487E-3	33.865349425160723E+0
499.000000000000060E+0	27.850377423619562E-3	31.731941487472628E+0
500.000000000000060E+0	50.008697041087430E-3	31.621801958096892E+0
