Freq (Hz)	micro/hp_Mod	micro/hp_Phase(rad)
49.000000000000007E+0	214.301196667184500E-3	-31.543805941577716E+0
50.000000000000007E+0	280.519924333834600E-3	-31.021748087543017E+0
51.000000000000007E+0	90.856857092956073E-3	-30.692164783729940E+0
52.000000000000007E+0	170.779606842734380E-3	-28.404488530364297E+0
53.000000000000007E+0	239.851469308379530E-3	-30.698225740297048E+0
54.000000000000007E+0	195.470318173002840E-3	-33.386821342935043E+0
55.000000000000007E+0	85.906991818156170E-3	-35.842254170513158E+0
56.000000000000007E+0	71.450289361828512E-3	-36.899583705549112E+0
57.000000000000007E+0	53.495204443488070E-3	-38.997339561699817E+0
58.000000000000007E+0	98.528856105053589E-3	-40.293842495117012E+0
59.000000000000007E+0	150.561815585228940E-3	-42.804896655056190E+0
60.000000000000007E+0	35.698521662669520E-3	-44.772724470757844E+0
61.000000000000007E+0	126.039085281952760E-3	-45.321200308568422E+0
62.000000000000007E+0	109.169620855036300E-3	-47.963115080455069E+0
63.000000000000007E+0	73.562573767004091E-3	-50.719755178482615E+0
64.000000000000014E+0	45.682995810405337E-3	-52.675051639950752E+0
65.000000000000014E+0	57.522543583107537E-3	-54.133036043902109E+0
66.000000000000014E+0	49.762701162422457E-3	-56.317299342322116E+0
67.000000000000014E+0	7.102744546491820E-3	-58.264021685075669E+0
68.000000000000014E+0	20.337044796908239E-3	-58.502245076704611E+0
69.000000000000014E+0	15.185349671084742E-3	-61.017083836675233E+0
70.000000000000014E+0	6.100285465748874E-3	-61.424926722594250E+0
71.000000000000014E+0	28.362903932140075E-3	-63.257700983485762E+0
72.000000000000014E+0	36.106736890180242E-3	-65.740983887439299E+0
73.000000000000014E+0	10.629126114086973E-3	-68.611340034263975E+0
74.000000000000014E+0	16.868202593270570E-3	-67.521538180251568E+0
75.000000000000014E+0	17.421649198879289E-3	-69.654295732347052E+0
76.000000000000014E+0	12.037302906914175E-3	-71.127136350141157E+0
77.000000000000014E+0	6.599365752262689E-3	-68.182037250418702E+0
78.000000000000014E+0	18.754550606622167E-3	-65.748927928922470E+0
79.000000000000014E+0	23.712412517307196E-3	-68.825856885063729E+0
80.000000000000014E+0	10.529447308093473E-3	-66.382474308717320E+0
81.000000000000014E+0	22.018704177647477E-3	-63.447811978665626E+0
82.000000000000014E+0	18.634798592848199E-3	-65.725270916339866E+0
83.000000000000014E+0	11.547546890311429E-3	-68.413103044657959E+0
84.000000000000014E+0	7.215376369054809E-3	-65.428481865922762E+0
85.000000000000014E+0	9.141573089920384E-3	-64.947940553075185E+0
86.000000000000014E+0	21.965135143202707E-3	-67.467528820768265E+0
87.000000000000014E+0	9.962521661238033E-3	-70.101908225560791E+0
88.000000000000014E+0	1.646022234466699E-3	-68.505449852748015E+0
89.000000000000014E+0	5.675244986172068E-3	-71.082494938125805E+0
90.000000000000014E+0	9.554246101897049E-3	-72.575653574287102E+0
91.000000000000014E+0	9.026659223370623E-3	-74.549716657489739E+0
92.000000000000014E+0	3.823409998602531E-3	-77.174202412011823E+0
93.000000000000014E+0	2.372878845638698E-3	-79.815792101386890E+0
94.000000000000014E+0	2.168010076559392E-3	-81.414606439612669E+0
95.000000000000014E+0	4.107495972457184E-3	-80.440466593673335E+0
96.000000000000014E+0	7.539337781904550E-3	-82.790424400165250E+0
97.000000000000014E+0	3.731598776014432E-3	-85.419682871088838E+0
98.000000000000014E+0	2.008098288606146E-3	-88.477606901733210E+0
99.000000000000014E+0	14.261160766984766E-3	-85.810215739410040E+0
100.000000000000010E+0	28.110289681394205E-3	-88.038463453411012E+0
101.000000000000010E+0	17.167199838146893E-3	-90.289437884061513E+0
102.000000000000010E+0	7.278814447859585E-3	-93.163484347552597E+0
103.000000000000010E+0	7.060393737629921E-3	-96.083737140252324E+0
104.000000000000010E+0	5.036669088472133E-3	-98.990664162014397E+0
105.000000000000010E+0	2.398353864167407E-3	-101.863653194333510E+0
106.000000000000010E+0	2.706704631944125E-3	-104.243889058722250E+0
107.000000000000010E+0	4.414778502489751E-3	-106.029818418433240E+0
108.000000000000010E+0	1.486468219306347E-3	-108.085465287083720E+0
109.000000000000010E+0	3.178366585385163E-3	-106.221889977871750E+0
110.000000000000010E+0	3.594446167772895E-3	-108.097703764637600E+0
111.000000000000010E+0	4.283134036886910E-3	-110.011739318038250E+0
112.000000000000010E+0	4.014445537554083E-3	-111.415642123543700E+0
113.000000000000010E+0	11.922543982457984E-3	-112.072037449955090E+0
114.000000000000010E+0	14.306366269278056E-3	-113.812461242864170E+0
115.000000000000010E+0	2.936978981379956E-3	-115.608355848614320E+0
116.000000000000010E+0	118.194681742746150E-6	-115.010404848389630E+0
117.000000000000010E+0	3.690409074497628E-3	-113.153126795477620E+0
118.000000000000010E+0	3.186002398215234E-3	-114.590685983992000E+0
119.000000000000010E+0	2.219266298501889E-3	-115.476729715441110E+0
120.000000000000010E+0	1.122457348832143E-3	-113.778239991190350E+0
121.000000000000010E+0	2.441220701285519E-3	-115.699565949402910E+0
122.000000000000010E+0	1.709218498051140E-3	-114.537636338431480E+0
123.000000000000010E+0	4.954175405919029E-3	-116.357370840409670E+0
124.000000000000010E+0	3.450054057879987E-3	-117.726695621731790E+0
125.000000000000010E+0	2.785060738533140E-3	-118.519502712444920E+0
126.000000000000010E+0	2.426250588517637E-3	-119.629119626292760E+0
127.000000000000010E+0	2.632204820424766E-3	-120.906582229890760E+0
128.000000000000030E+0	1.766198236425392E-3	-122.785627181229390E+0
129.000000000000030E+0	528.600253080484790E-6	-123.408549787269590E+0
130.000000000000030E+0	906.807573672606090E-6	-124.548028553049660E+0
131.000000000000030E+0	382.135221241318640E-6	-123.059140303804640E+0
132.000000000000030E+0	1.365688361004413E-3	-125.405049134196020E+0
133.000000000000030E+0	1.618850332025869E-3	-127.608680588129120E+0
134.000000000000030E+0	499.838459008179080E-6	-128.868961264878520E+0
135.000000000000030E+0	1.295659756603207E-3	-128.563773137795890E+0
136.000000000000030E+0	1.209390522775547E-3	-129.879714404302430E+0
137.000000000000030E+0	1.166740924241932E-3	-130.435725556538330E+0
138.000000000000030E+0	1.112365023869779E-3	-131.671012661733930E+0
139.000000000000030E+0	339.022347540660440E-6	-131.700953425593610E+0
140.000000000000030E+0	820.639104531140650E-6	-132.308559306721380E+0
141.000000000000030E+0	666.662718784302420E-6	-133.574018133608920E+0
142.000000000000030E+0	250.400954713663880E-6	-135.906318862317620E+0
143.000000000000030E+0	645.314191429029330E-6	-138.568271897830470E+0
144.000000000000030E+0	773.061664683238150E-6	-140.098823607882280E+0
145.000000000000030E+0	773.358657457609220E-6	-141.587963841142650E+0
146.000000000000030E+0	841.012675526728660E-6	-142.689753057770990E+0
147.000000000000030E+0	875.938767188248410E-6	-143.399528854263450E+0
148.000000000000030E+0	840.623700494188020E-6	-144.043821821513460E+0
149.000000000000030E+0	1.015303303946416E-3	-146.407760682088560E+0
150.000000000000030E+0	1.768120599108093E-3	-148.388939151824500E+0
151.000000000000030E+0	693.232476484954910E-6	-149.410849215639760E+0
152.000000000000030E+0	896.165774816481250E-6	-149.559969582693980E+0
153.000000000000030E+0	413.381326292061180E-6	-151.268842024533770E+0
154.000000000000030E+0	255.687362658949470E-6	-149.455773102429530E+0
155.000000000000030E+0	322.941704859086830E-6	-151.236869624261770E+0
156.000000000000030E+0	247.626032051501020E-6	-152.618856355722390E+0
157.000000000000030E+0	58.528739822825600E-6	-155.434013748028490E+0
158.000000000000030E+0	496.396460965132460E-6	-157.695227304474060E+0
159.000000000000030E+0	399.960813526591780E-6	-159.081894288251790E+0
160.000000000000030E+0	118.209420719132670E-6	-159.267904254175190E+0
161.000000000000030E+0	458.648431492012720E-6	-160.768177495555160E+0
162.000000000000030E+0	587.510683130439330E-6	-162.187636124774600E+0
163.000000000000030E+0	262.310532215234370E-6	-163.659801368030910E+0
164.000000000000030E+0	202.180972388864870E-6	-160.836350524017800E+0
165.000000000000030E+0	457.689357811139170E-6	-162.901081427000690E+0
166.000000000000030E+0	402.709807242955650E-6	-164.354655513221390E+0
167.000000000000030E+0	279.170707760153730E-6	-165.835670020646920E+0
168.000000000000030E+0	418.422732342675110E-6	-167.442845046893070E+0
169.000000000000030E+0	437.088617303693110E-6	-169.001108527980420E+0
170.000000000000030E+0	455.944844749926050E-6	-170.384243700785420E+0
171.000000000000030E+0	297.087598397275660E-6	-171.483593053915970E+0
172.000000000000030E+0	118.216621786263670E-6	-172.656056791144580E+0
173.000000000000030E+0	210.604884688403650E-6	-173.326895752156870E+0
174.000000000000030E+0	330.473100933123420E-6	-173.759797118872400E+0
175.000000000000030E+0	380.480780368925390E-6	-174.694772514217560E+0
176.000000000000030E+0	178.887015611505930E-6	-176.280123326406940E+0
177.000000000000030E+0	59.873273993187989E-6	-173.415816536356200E+0
178.000000000000030E+0	69.990192072017158E-6	-176.551399772461960E+0
179.000000000000030E+0	98.397322370996461E-6	-178.252046341465330E+0
180.000000000000030E+0	79.650119008511716E-6	-180.174493305712190E+0
181.000000000000030E+0	219.037525556645290E-6	-181.680579699556800E+0
182.000000000000030E+0	314.045806477993750E-6	-182.692528256466740E+0
183.000000000000030E+0	344.230131861784350E-6	-183.644313226510950E+0
184.000000000000030E+0	228.535512862286090E-6	-185.083858351520720E+0
185.000000000000030E+0	219.183451778887780E-6	-187.800746871492440E+0
186.000000000000030E+0	153.099640789600250E-6	-189.602954580475140E+0
187.000000000000030E+0	254.074323527801300E-6	-187.076423419944400E+0
188.000000000000030E+0	290.412660254904120E-6	-188.547930328696820E+0
189.000000000000030E+0	268.042732094089260E-6	-190.700829576311950E+0
190.000000000000030E+0	409.983110932194850E-6	-191.685752760867610E+0
191.000000000000030E+0	222.965861882498820E-6	-192.237646203765390E+0
192.000000000000030E+0	214.901736055681340E-6	-190.607263572114990E+0
193.000000000000030E+0	312.034994889955240E-6	-191.185257868287550E+0
194.000000000000030E+0	105.748866242639300E-6	-191.855114444065350E+0
195.000000000000030E+0	40.467506549175439E-6	-193.748755853711880E+0
196.000000000000030E+0	195.451219981656960E-6	-194.734107018632780E+0
197.000000000000030E+0	214.469224235091040E-6	-195.167640825403310E+0
198.000000000000030E+0	246.242233498622760E-6	-194.880131261043090E+0
199.000000000000030E+0	190.432567175221430E-6	-196.102697869831390E+0
200.000000000000030E+0	204.272135448108050E-6	-198.029747658166850E+0
201.000000000000030E+0	119.828511795841810E-6	-200.891394701193750E+0
202.000000000000030E+0	308.119078802328360E-6	-201.830831202821910E+0
203.000000000000030E+0	258.859398772609400E-6	-201.827500795099890E+0
204.000000000000030E+0	225.552545840986080E-6	-203.234610902299350E+0
205.000000000000030E+0	377.799439063915390E-6	-204.519603254555140E+0
206.000000000000030E+0	167.925906824390240E-6	-203.436492465524050E+0
207.000000000000030E+0	505.606507255696460E-6	-203.529220568176330E+0
208.000000000000030E+0	405.610649725497350E-6	-204.503383505087920E+0
209.000000000000030E+0	232.741361314771440E-6	-205.462062194859470E+0
210.000000000000030E+0	184.562008980706190E-6	-205.645870578189370E+0
211.000000000000030E+0	200.477152733580350E-6	-205.644372196312960E+0
212.000000000000030E+0	269.851585080173970E-6	-206.402235402968730E+0
213.000000000000030E+0	843.786310322914620E-6	-207.896372921845510E+0
214.000000000000030E+0	1.026574351784515E-3	-208.726700264838090E+0
215.000000000000030E+0	468.041620727019630E-6	-209.293692317934360E+0
216.000000000000030E+0	300.324851675878180E-6	-209.549412928615960E+0
217.000000000000030E+0	182.998454525761320E-6	-209.882578347700220E+0
218.000000000000030E+0	256.384125644497100E-6	-208.516583583987990E+0
219.000000000000030E+0	406.906591406944310E-6	-208.989526100490480E+0
220.000000000000030E+0	156.387797519790030E-6	-209.706112612298510E+0
221.000000000000030E+0	126.336583135799120E-6	-212.788510631275840E+0
222.000000000000030E+0	171.534998622844620E-6	-212.777933092545280E+0
223.000000000000030E+0	184.263563816986040E-6	-212.657426888688830E+0
224.000000000000030E+0	115.167953212202590E-6	-212.553666671437300E+0
225.000000000000030E+0	72.184289117755207E-6	-214.392599080103910E+0
226.000000000000030E+0	213.813301038962860E-6	-215.016406480332820E+0
227.000000000000030E+0	196.600201909519110E-6	-214.983090508046900E+0
228.000000000000030E+0	83.862880846033840E-6	-216.102847148007610E+0
229.000000000000030E+0	232.728299633430340E-6	-218.167922821426600E+0
230.000000000000030E+0	391.285885936493880E-6	-218.882222883894090E+0
231.000000000000030E+0	269.101556528775860E-6	-219.156779372772180E+0
232.000000000000030E+0	179.266836709193680E-6	-217.816293223031890E+0
233.000000000000030E+0	267.702613817886630E-6	-218.448175327686700E+0
234.000000000000030E+0	279.156796762091980E-6	-219.515922292097970E+0
235.000000000000030E+0	275.317197470438080E-6	-219.456159924729010E+0
236.000000000000030E+0	340.769953697380770E-6	-219.017476547292460E+0
237.000000000000030E+0	321.521665977347390E-6	-219.819971902124050E+0
238.000000000000030E+0	600.408854922327460E-6	-220.848249255454160E+0
239.000000000000030E+0	501.812530842059250E-6	-220.892553033345760E+0
240.000000000000030E+0	392.623815388568120E-6	-220.639264768635630E+0
241.000000000000030E+0	392.875631119934140E-6	-220.794965070449000E+0
242.000000000000030E+0	230.795452916893660E-6	-220.843457984150430E+0
243.000000000000030E+0	200.967063507386800E-6	-221.813865061149500E+0
244.000000000000030E+0	319.013353949811240E-6	-222.291220354477960E+0
245.000000000000030E+0	6.243990633097811E-6	-219.604625323990460E+0
246.000000000000030E+0	337.234888588896210E-6	-219.819245919916230E+0
247.000000000000030E+0	198.783198287189520E-6	-219.813348915889950E+0
248.000000000000030E+0	72.694929667301982E-6	-217.471789581913010E+0
249.000000000000030E+0	257.731094946437460E-6	-216.582051436774010E+0
250.000000000000030E+0	332.599961049934070E-6	-217.048355249626180E+0
251.000000000000030E+0	291.943477386443110E-6	-218.347132405880190E+0
252.000000000000030E+0	356.950979903752300E-6	-218.842647317118430E+0
253.000000000000030E+0	215.937885898469680E-6	-217.961573215747590E+0
254.000000000000030E+0	290.191903633641740E-6	-216.564548756111970E+0
255.000000000000030E+0	609.025611470774420E-6	-215.800453084389940E+0
256.000000000000060E+0	816.926921876645050E-6	-215.794349025237300E+0
257.000000000000060E+0	286.812948816311760E-6	-216.328965963088880E+0
258.000000000000060E+0	243.418523049572880E-6	-213.282484903387600E+0
259.000000000000060E+0	554.763459700930430E-6	-214.315621021631840E+0
260.000000000000060E+0	438.869585936422630E-6	-214.355163734752070E+0
261.000000000000060E+0	147.449878232908910E-6	-215.387728443736820E+0
262.000000000000060E+0	248.986501339771650E-6	-215.945851709856130E+0
263.000000000000060E+0	323.300235720299720E-6	-213.766944077027120E+0
264.000000000000060E+0	743.074236669388010E-6	-213.389078222918900E+0
265.000000000000060E+0	540.390368987462730E-6	-213.136741155600670E+0
266.000000000000060E+0	178.713040544029850E-6	-211.578002528371850E+0
267.000000000000060E+0	431.516353242392430E-6	-209.968311968838800E+0
268.000000000000060E+0	538.571341997402790E-6	-208.796710342863240E+0
269.000000000000060E+0	659.873766515292160E-6	-208.128805402912180E+0
270.000000000000060E+0	581.222595470211710E-6	-208.501605432441240E+0
271.000000000000060E+0	877.967253036687750E-6	-209.420908560648710E+0
272.000000000000060E+0	1.071232965035720E-3	-209.786763718430510E+0
273.000000000000060E+0	723.424372073359170E-6	-209.574847697209150E+0
274.000000000000060E+0	404.512616510029710E-6	-209.831331672407030E+0
275.000000000000060E+0	601.898336762670610E-6	-211.195405135741200E+0
276.000000000000060E+0	521.424643887457720E-6	-212.399974078462040E+0
277.000000000000060E+0	543.221082555680370E-6	-214.233232920901370E+0
278.000000000000060E+0	772.074951225765450E-6	-215.159277934840640E+0
279.000000000000060E+0	242.659168176122930E-6	-216.084491991873700E+0
280.000000000000060E+0	266.084427448702610E-6	-214.533211535523430E+0
281.000000000000060E+0	692.903606375341250E-6	-214.118127075961640E+0
282.000000000000060E+0	669.928680676139120E-6	-213.077401190236140E+0
283.000000000000060E+0	681.032364209892100E-6	-212.359733766078480E+0
284.000000000000060E+0	584.801930776240940E-6	-211.673599248485170E+0
285.000000000000060E+0	627.280012867167430E-6	-211.178556890745970E+0
286.000000000000060E+0	1.454529389290847E-3	-210.407162224685320E+0
287.000000000000060E+0	1.285379844410477E-3	-210.257345110239440E+0
288.000000000000060E+0	584.726290894554250E-6	-210.779433754019350E+0
289.000000000000060E+0	1.121254910933237E-3	-210.704597017009940E+0
290.000000000000060E+0	1.398009350577488E-3	-211.246424521488930E+0
291.000000000000060E+0	1.427874370746897E-3	-211.626382323550670E+0
292.000000000000060E+0	658.674802374140370E-6	-210.658422144660790E+0
293.000000000000060E+0	1.139868401186684E-3	-209.407340599303890E+0
294.000000000000060E+0	1.559595100240129E-3	-208.472617181572670E+0
295.000000000000060E+0	1.729957142275930E-3	-208.484986125290960E+0
296.000000000000060E+0	1.781109580060649E-3	-208.729233525880720E+0
297.000000000000060E+0	776.693645194656770E-6	-208.983658556082960E+0
298.000000000000060E+0	365.508890693472060E-6	-207.495670839914340E+0
299.000000000000060E+0	3.217909577950360E-3	-205.953214587722670E+0
300.000000000000060E+0	2.335444135539643E-3	-205.074944875087170E+0
301.000000000000060E+0	3.020749599970515E-3	-207.019830987639920E+0
302.000000000000060E+0	6.703745354226836E-3	-206.279792966781000E+0
303.000000000000060E+0	8.427228256249074E-3	-205.621025184282840E+0
304.000000000000060E+0	7.160953438250523E-3	-204.869183011115380E+0
305.000000000000060E+0	4.493682823834109E-3	-203.407104087469780E+0
306.000000000000060E+0	20.876299002841058E-3	-203.676638516246240E+0
307.000000000000060E+0	17.050716248330832E-3	-202.666195202349710E+0
308.000000000000060E+0	31.390448728527143E-3	-204.119910846809180E+0
309.000000000000060E+0	26.401479207559152E-3	-205.741873885701860E+0
310.000000000000060E+0	12.364471551836750E-3	-205.539967213303980E+0
311.000000000000060E+0	4.515684035409512E-3	-204.278000963326630E+0
312.000000000000060E+0	6.412144251730244E-3	-205.053846992800340E+0
313.000000000000060E+0	6.783463080079004E-3	-203.703676575656600E+0
314.000000000000060E+0	10.607204041104563E-3	-202.630550138903910E+0
315.000000000000060E+0	10.735351257370015E-3	-201.253330583778050E+0
316.000000000000060E+0	1.869668908237687E-3	-200.726213877834310E+0
317.000000000000060E+0	4.114620861224719E-3	-203.401531806020130E+0
318.000000000000060E+0	3.447868785832067E-3	-203.087608657096500E+0
319.000000000000060E+0	3.938108023941570E-3	-203.435246787637620E+0
320.000000000000060E+0	3.345719127587512E-3	-202.956791508634640E+0
321.000000000000060E+0	1.324493706409719E-3	-204.787962057532010E+0
322.000000000000060E+0	4.609472618075593E-3	-204.222213906652770E+0
323.000000000000060E+0	3.322855347570558E-3	-203.397183847964780E+0
324.000000000000060E+0	1.890016046714684E-3	-201.682290851884800E+0
325.000000000000060E+0	1.358336739720033E-3	-200.760683093736360E+0
326.000000000000060E+0	1.280443795620790E-3	-203.580511534454390E+0
327.000000000000060E+0	2.859267647277285E-3	-203.689127697340100E+0
328.000000000000060E+0	2.813811873637605E-3	-203.842549448494280E+0
329.000000000000060E+0	2.171317183729175E-3	-203.375502344689690E+0
330.000000000000060E+0	919.918641990477850E-6	-202.285418044746820E+0
331.000000000000060E+0	1.406656511851799E-3	-204.878026110413800E+0
332.000000000000060E+0	1.473677495025316E-3	-203.707487802456650E+0
333.000000000000060E+0	1.749027557992523E-3	-201.365516557729880E+0
334.000000000000060E+0	1.623203757692334E-3	-200.335278515110470E+0
335.000000000000060E+0	1.056382877571998E-3	-197.565786472506320E+0
336.000000000000060E+0	1.892803024612415E-3	-196.099513081259910E+0
337.000000000000060E+0	1.389930708083865E-3	-193.495986027392860E+0
338.000000000000060E+0	3.148329611577747E-3	-191.935719641831640E+0
339.000000000000060E+0	4.364489042101438E-3	-190.910469288334380E+0
340.000000000000060E+0	3.719785317150001E-3	-190.087974085995200E+0
341.000000000000060E+0	1.877522285467209E-3	-189.453084495499470E+0
342.000000000000060E+0	457.919808484648790E-6	-188.612317294832910E+0
343.000000000000060E+0	1.062263420098942E-3	-191.045549176896120E+0
344.000000000000060E+0	1.025449755416745E-3	-190.102217170299330E+0
345.000000000000060E+0	1.316164637226287E-3	-189.921658233402470E+0
346.000000000000060E+0	1.468867807190376E-3	-189.071645640719650E+0
347.000000000000060E+0	552.566330049603420E-6	-188.461706572413420E+0
348.000000000000060E+0	338.692885940507780E-6	-187.678920254526050E+0
349.000000000000060E+0	849.311607958837300E-6	-185.945764121479580E+0
350.000000000000060E+0	1.531505560490457E-3	-184.478283997410130E+0
351.000000000000060E+0	1.189823239286908E-3	-183.398893307226130E+0
352.000000000000060E+0	851.894108395879250E-6	-182.048841558012300E+0
353.000000000000060E+0	265.324978169112980E-6	-180.999421526990520E+0
354.000000000000060E+0	1.100737173588462E-3	-183.162434304363070E+0
355.000000000000060E+0	591.112809415000280E-6	-183.224012066166100E+0
356.000000000000060E+0	1.074664087828830E-3	-183.523718383422680E+0
357.000000000000060E+0	444.642890119625880E-6	-182.727465932878430E+0
358.000000000000060E+0	397.818461485766680E-6	-184.005719532678600E+0
359.000000000000060E+0	585.633500119592450E-6	-183.413703918176420E+0
360.000000000000060E+0	689.008223653536840E-6	-183.258401364283030E+0
361.000000000000060E+0	900.156009437991670E-6	-182.658905753472110E+0
362.000000000000060E+0	788.998284476537230E-6	-182.078571535224090E+0
363.000000000000060E+0	77.361690605793222E-6	-181.145069334112520E+0
364.000000000000060E+0	742.826287965124000E-6	-183.126824361882570E+0
365.000000000000060E+0	512.624622046700540E-6	-182.501292896787840E+0
366.000000000000060E+0	847.312933005372200E-6	-182.485323721885350E+0
367.000000000000060E+0	768.420580706939370E-6	-181.618636772709010E+0
368.000000000000060E+0	1.052119571225208E-3	-180.846473120320670E+0
369.000000000000060E+0	1.110781653549638E-3	-179.929395967090950E+0
370.000000000000060E+0	470.966667273957080E-6	-178.609186683981390E+0
371.000000000000060E+0	1.046200705411900E-3	-181.746214437049300E+0
372.000000000000060E+0	660.265169375428550E-6	-180.029004036545300E+0
373.000000000000060E+0	191.574991581668280E-6	-177.448887510337440E+0
374.000000000000060E+0	824.292858214310180E-6	-177.997805558179750E+0
375.000000000000060E+0	947.919622310162140E-6	-176.783779653827110E+0
376.000000000000060E+0	328.851601912294490E-6	-174.947870174193330E+0
377.000000000000060E+0	730.809664675298320E-6	-175.029982457321550E+0
378.000000000000060E+0	1.783063172602498E-3	-173.570961408780330E+0
379.000000000000060E+0	1.751982307939554E-3	-171.854378616646980E+0
380.000000000000060E+0	1.502843333467163E-3	-171.477915608481000E+0
381.000000000000060E+0	2.428275267553106E-3	-170.982999130558450E+0
382.000000000000060E+0	1.648485287477053E-3	-170.228933075834390E+0
383.000000000000060E+0	294.728370065238610E-6	-171.248219510208060E+0
384.000000000000060E+0	1.361028827760984E-3	-170.539716560445730E+0
385.000000000000060E+0	1.375610268840893E-3	-168.842939648797880E+0
386.000000000000060E+0	1.454948516352409E-3	-166.894777899117600E+0
387.000000000000060E+0	1.082797848860786E-3	-165.367138026458430E+0
388.000000000000060E+0	525.212908202726400E-6	-166.983052635600220E+0
389.000000000000060E+0	1.275329661084615E-3	-165.602424067024630E+0
390.000000000000060E+0	1.045273181076810E-3	-164.254555931258240E+0
391.000000000000060E+0	1.579079602623876E-3	-162.503047351246810E+0
392.000000000000060E+0	1.549530859681925E-3	-160.481133915558730E+0
393.000000000000060E+0	752.233894870037600E-6	-158.767773656984900E+0
394.000000000000060E+0	731.710582880011290E-6	-159.149405481912140E+0
395.000000000000060E+0	707.128558804391660E-6	-158.773020861938280E+0
396.000000000000060E+0	942.732862344140380E-6	-158.381154366193040E+0
397.000000000000060E+0	898.306578127334390E-6	-156.693893705506640E+0
398.000000000000060E+0	1.216906055190186E-3	-155.109655554427830E+0
399.000000000000060E+0	1.287255113562517E-3	-154.489461293799170E+0
400.000000000000060E+0	1.377842617275178E-3	-153.480085372813330E+0
401.000000000000060E+0	510.525964476294900E-6	-156.350838930674740E+0
402.000000000000060E+0	810.308889682894230E-6	-154.034287756334180E+0
403.000000000000060E+0	753.379590261859340E-6	-154.449021276919550E+0
404.000000000000060E+0	1.313427497494769E-3	-152.747750747908810E+0
405.000000000000060E+0	507.536836708763420E-6	-151.570418287927590E+0
406.000000000000060E+0	676.196385029072210E-6	-151.544824374625280E+0
407.000000000000060E+0	732.945215228018600E-6	-150.884021919427570E+0
408.000000000000060E+0	460.236338924804770E-6	-149.350314066623980E+0
409.000000000000060E+0	652.433173134889890E-6	-152.205486247912550E+0
410.000000000000060E+0	1.454906981059277E-3	-151.478768771615650E+0
411.000000000000060E+0	2.178736510494825E-3	-149.673486416987340E+0
412.000000000000060E+0	3.060501447685303E-3	-152.660513904990490E+0
413.000000000000060E+0	3.161388534940823E-3	-150.059477411000980E+0
414.000000000000060E+0	3.206983329518317E-3	-152.969313478100500E+0
415.000000000000060E+0	3.024530613259529E-3	-151.141881681249910E+0
416.000000000000060E+0	2.026254763635578E-3	-149.628190070568110E+0
417.000000000000060E+0	690.221400957649870E-6	-147.710566368211400E+0
418.000000000000060E+0	408.935419300310920E-6	-145.943103685683720E+0
419.000000000000060E+0	112.922736084978530E-6	-147.165857226828620E+0
420.000000000000060E+0	1.281458473163266E-3	-145.221860274221280E+0
421.000000000000060E+0	2.135038275921599E-3	-143.050780947048050E+0
422.000000000000060E+0	2.333785799637872E-3	-141.632001327920310E+0
423.000000000000060E+0	1.894089774454123E-3	-140.030194734863980E+0
424.000000000000060E+0	681.294094021840700E-6	-143.136780623344380E+0
425.000000000000060E+0	1.562461997027375E-3	-140.860511460839040E+0
426.000000000000060E+0	2.194365137856720E-3	-138.771191217866120E+0
427.000000000000060E+0	1.753442047099408E-3	-136.648040568106410E+0
428.000000000000060E+0	1.599180401346472E-3	-135.210853834550680E+0
429.000000000000060E+0	1.222962528681058E-3	-133.300456350154180E+0
430.000000000000060E+0	1.435668369189085E-3	-135.844615176337950E+0
431.000000000000060E+0	2.591073165665488E-3	-132.882636082112100E+0
432.000000000000060E+0	2.935674348758611E-3	-130.599096219313050E+0
433.000000000000060E+0	1.296702507316425E-3	-128.794437124672240E+0
434.000000000000060E+0	1.459854942467964E-3	-131.637206548226830E+0
435.000000000000060E+0	2.213324677653699E-3	-129.817601774268240E+0
436.000000000000060E+0	1.453144102640673E-3	-128.827775061792980E+0
437.000000000000060E+0	473.218749048181960E-6	-127.063491699020020E+0
438.000000000000060E+0	1.184977526403757E-3	-128.211181533163770E+0
439.000000000000060E+0	956.942846412065560E-6	-128.544237489738010E+0
440.000000000000060E+0	3.381304028498458E-3	-126.286265790337070E+0
441.000000000000060E+0	2.258650077922663E-3	-123.550691080238620E+0
442.000000000000060E+0	705.784164818830560E-6	-121.162031792401660E+0
443.000000000000060E+0	293.237469849352470E-6	-123.072498056382370E+0
444.000000000000060E+0	3.081466544122985E-3	-121.330884413564890E+0
445.000000000000060E+0	4.031850176659989E-3	-119.390589962759320E+0
446.000000000000060E+0	2.734164272189613E-3	-117.205357020894670E+0
447.000000000000060E+0	1.000718719395919E-3	-115.442171518334060E+0
448.000000000000060E+0	2.129427301683213E-3	-113.622280005662390E+0
449.000000000000060E+0	3.256201971267903E-3	-110.638451541978910E+0
450.000000000000060E+0	2.405228311864072E-3	-108.013733296065180E+0
451.000000000000060E+0	2.232051503861653E-3	-110.955919552877930E+0
452.000000000000060E+0	4.160887051332126E-3	-108.715095742396370E+0
453.000000000000060E+0	3.621676677984989E-3	-106.142183155471770E+0
454.000000000000060E+0	5.819276905476001E-3	-108.881081349801460E+0
455.000000000000060E+0	5.020513276897729E-3	-106.521889332018280E+0
456.000000000000060E+0	2.517669291978427E-3	-107.470771683770240E+0
457.000000000000060E+0	4.141074778915984E-3	-105.243558526422600E+0
458.000000000000060E+0	2.022620278282156E-3	-103.795797499825700E+0
459.000000000000060E+0	3.546790349138911E-3	-101.966439017050280E+0
460.000000000000060E+0	3.714690829376594E-3	-100.149708754255900E+0
461.000000000000060E+0	4.005443496440080E-3	-98.077386377151598E+0
462.000000000000060E+0	2.071286856911516E-3	-95.162353484066102E+0
463.000000000000060E+0	1.334263629213534E-3	-97.067665747509068E+0
464.000000000000060E+0	1.137368491017822E-3	-100.204305759210570E+0
465.000000000000060E+0	368.459554828168780E-6	-100.932154838184100E+0
466.000000000000060E+0	1.953238402598782E-3	-99.304326473266016E+0
467.000000000000060E+0	6.017934704087399E-3	-97.013742453157022E+0
468.000000000000060E+0	7.990371275548963E-3	-94.628764511958124E+0
469.000000000000060E+0	5.487510464245592E-3	-92.138322865447407E+0
470.000000000000060E+0	3.043397800090253E-3	-93.182960011319537E+0
471.000000000000060E+0	6.359536413753797E-3	-91.164896775133130E+0
472.000000000000060E+0	6.253778964830028E-3	-89.931221492116435E+0
473.000000000000060E+0	7.504535627592374E-3	-87.959022757149810E+0
474.000000000000060E+0	6.676922266507672E-3	-85.548891381937864E+0
475.000000000000060E+0	3.159145572758231E-3	-83.844657900554168E+0
476.000000000000060E+0	1.692222802021719E-3	-82.167119156996549E+0
477.000000000000060E+0	5.447930276717294E-3	-83.755185725159009E+0
478.000000000000060E+0	4.328674509586622E-3	-86.272514873020157E+0
479.000000000000060E+0	6.860292119984165E-3	-88.156825407383948E+0
480.000000000000060E+0	11.144317057360919E-3	-90.858707329604172E+0
481.000000000000060E+0	7.433656009048173E-3	-88.702947731104274E+0
482.000000000000060E+0	9.868257994124916E-3	-86.989835475251723E+0
483.000000000000060E+0	18.982054174982874E-3	-85.346771999410322E+0
484.000000000000060E+0	10.296048972400091E-3	-82.270679838620481E+0
485.000000000000060E+0	19.075386052175458E-3	-80.197577990105600E+0
486.000000000000060E+0	31.302023808754575E-3	-77.471934525707041E+0
487.000000000000060E+0	11.134902635772107E-3	-74.591617150223229E+0
488.000000000000060E+0	11.955557868445307E-3	-74.803140848044848E+0
489.000000000000060E+0	19.396076939661614E-3	-72.525432788174186E+0
490.000000000000060E+0	29.936555867225462E-3	-74.816545911454810E+0
491.000000000000060E+0	33.388059640797545E-3	-72.891242460829332E+0
492.000000000000060E+0	19.159283547574762E-3	-69.886719930898792E+0
493.000000000000060E+0	18.912059931587039E-3	-71.921253114471156E+0
494.000000000000060E+0	176.960261174188000E-3	-74.609682396582187E+0
495.000000000000060E+0	2.129251205742213E-3	-76.800738199940767E+0
496.000000000000060E+0	22.791602368075245E-3	-79.088642423549061E+0
497.000000000000060E+0	7.232875227037386E-3	-76.617558604107401E+0
498.000000000000060E+0	7.177727471672671E-3	-79.290292076028137E+0
499.000000000000060E+0	13.060991625641080E-3	-78.250018812809031E+0
500.000000000000060E+0	7.996646973549392E-3	-79.002624176214283E+0
