Freq (Hz)	micro(Pa^2 )	hp(V^2 )
49.000000000000007E+0	339.617026315909980E-12	1.888379038301540E-9
50.000000000000007E+0	879.750747198904250E-12	900.533708652026240E-12
51.000000000000007E+0	145.169992530587220E-12	6.140394114533937E-9
52.000000000000007E+0	3.259021752672721E-12	1.837624458780025E-9
53.000000000000007E+0	94.436621825468407E-12	6.190251038225803E-9
54.000000000000007E+0	56.032483067808697E-12	7.575993652332356E-9
55.000000000000007E+0	155.058349224527740E-12	9.101080804442733E-9
56.000000000000007E+0	84.641962777457209E-12	11.230487101038186E-9
57.000000000000007E+0	37.657581097137346E-12	17.396720451530388E-9
58.000000000000007E+0	49.801295109540365E-12	19.756334095247706E-9
59.000000000000007E+0	33.964052500196353E-12	29.929537954684110E-9
60.000000000000007E+0	63.763546179104131E-12	37.831773165159157E-9
61.000000000000007E+0	165.732938373519330E-12	56.381948377486895E-9
62.000000000000007E+0	457.415684289900050E-12	62.880578065074057E-9
63.000000000000007E+0	256.873294306826430E-12	70.466237558300568E-9
64.000000000000014E+0	57.844293472909936E-12	116.917005117427820E-9
65.000000000000014E+0	81.668128368000291E-12	120.719437077213780E-9
66.000000000000014E+0	94.759783547039653E-12	147.242417732644740E-9
67.000000000000014E+0	173.921855914410660E-12	207.733490366102570E-9
68.000000000000014E+0	120.890282547589770E-12	233.764349700852770E-9
69.000000000000014E+0	82.683125092354024E-12	263.141717934280460E-9
70.000000000000014E+0	104.652107425277120E-12	326.538163135799250E-9
71.000000000000014E+0	200.121824844166070E-15	373.162642478172160E-9
72.000000000000014E+0	144.943836624242350E-12	403.802482488554000E-9
73.000000000000014E+0	152.366788090802790E-12	487.572812797541400E-9
74.000000000000014E+0	65.637956838711460E-12	582.504899385296350E-9
75.000000000000014E+0	75.489491183742042E-12	571.886079093151590E-9
76.000000000000014E+0	34.101625414381037E-12	630.847105778516080E-9
77.000000000000014E+0	3.493079556972679E-12	700.860848110831610E-9
78.000000000000014E+0	28.494250110395810E-12	778.679009847835660E-9
79.000000000000014E+0	265.392938156717820E-12	893.452932708607900E-9
80.000000000000014E+0	437.069882957444900E-12	969.273886666602550E-9
81.000000000000014E+0	195.830565861371570E-12	1.068130939133873E-6
82.000000000000014E+0	13.642850811049353E-12	1.255344900749753E-6
83.000000000000014E+0	9.747878786990923E-12	1.438206933820173E-6
84.000000000000014E+0	242.957376457316050E-12	1.665816644015811E-6
85.000000000000014E+0	238.342488428167980E-12	1.857810598091341E-6
86.000000000000014E+0	7.851818508452975E-12	1.980459935833566E-6
87.000000000000014E+0	23.002455826147926E-12	2.288933236125504E-6
88.000000000000014E+0	27.339833365209527E-12	2.537112305304784E-6
89.000000000000014E+0	45.148843218330708E-12	2.581212964465667E-6
90.000000000000014E+0	11.314908073648743E-12	2.541078742930302E-6
91.000000000000014E+0	6.677272479547869E-12	2.708378018883324E-6
92.000000000000014E+0	37.151485214324261E-12	2.813469878464485E-6
93.000000000000014E+0	13.372972143253500E-12	2.842687045950948E-6
94.000000000000014E+0	144.009356477179600E-12	3.057024034911055E-6
95.000000000000014E+0	158.577232296313920E-12	3.299340254948772E-6
96.000000000000014E+0	34.585015896756084E-12	3.696813557122814E-6
97.000000000000014E+0	20.685799365377383E-12	4.001234788493943E-6
98.000000000000014E+0	137.379610248669920E-12	4.432440027042916E-6
99.000000000000014E+0	1.023515380989053E-9	4.731651579188077E-6
100.000000000000010E+0	2.502002696090103E-9	4.699667045826056E-6
101.000000000000010E+0	600.868079588281130E-12	4.488425753845642E-6
102.000000000000010E+0	76.651763722253403E-12	4.404355205313809E-6
103.000000000000010E+0	52.903438635402478E-12	4.441119215812967E-6
104.000000000000010E+0	25.907277711389201E-12	4.745593432208318E-6
105.000000000000010E+0	53.823334429761597E-12	5.174937494524237E-6
106.000000000000010E+0	29.221454040937204E-12	5.846960875394289E-6
107.000000000000010E+0	137.514654301311710E-12	6.447187294298013E-6
108.000000000000010E+0	44.922244913365053E-12	6.867418719951330E-6
109.000000000000010E+0	122.634936093310320E-12	6.762330640693909E-6
110.000000000000010E+0	122.234172884288290E-12	6.532017470951976E-6
111.000000000000010E+0	3.359524421226623E-12	6.629026262851003E-6
112.000000000000010E+0	40.577875721404825E-12	7.208695070743378E-6
113.000000000000010E+0	48.073752127856418E-12	8.518755533251507E-6
114.000000000000010E+0	140.486743896111190E-12	9.988489838118565E-6
115.000000000000010E+0	2.566972028469713E-9	11.234217888400561E-6
116.000000000000010E+0	3.002102589002390E-9	12.143103446273036E-6
117.000000000000010E+0	161.877591401045980E-12	12.541370597006205E-6
118.000000000000010E+0	28.893226672922767E-12	12.983486042014622E-6
119.000000000000010E+0	25.365944110272507E-12	14.224254670051525E-6
120.000000000000010E+0	57.085761461805988E-12	17.187058155845221E-6
121.000000000000010E+0	212.033250094898110E-12	20.942577446030530E-6
122.000000000000010E+0	208.182220473050930E-12	24.541475348715404E-6
123.000000000000010E+0	68.909678315186929E-12	26.669350503859618E-6
124.000000000000010E+0	19.988916236999357E-12	28.235097383696013E-6
125.000000000000010E+0	78.414502236084938E-12	31.156991615893623E-6
126.000000000000010E+0	42.151436634288297E-12	36.005991828347146E-6
127.000000000000010E+0	6.081564707393741E-12	42.498006379059016E-6
128.000000000000030E+0	213.831080661630430E-15	50.100692182421059E-6
129.000000000000030E+0	2.901327691350491E-12	57.464035294320944E-6
130.000000000000030E+0	52.916999578323567E-12	62.787341725079352E-6
131.000000000000030E+0	53.618656805068689E-12	68.452920593828275E-6
132.000000000000030E+0	63.922314532492842E-12	77.276571618083091E-6
133.000000000000030E+0	8.970383015736727E-12	89.088261194916469E-6
134.000000000000030E+0	96.224705999254898E-12	101.696007990617390E-6
135.000000000000030E+0	200.870677883987520E-12	114.350101798644780E-6
136.000000000000030E+0	52.496005196083042E-12	126.417019083269670E-6
137.000000000000030E+0	143.807979314198920E-12	139.679060128185470E-6
138.000000000000030E+0	367.973777161593170E-12	156.304844341722500E-6
139.000000000000030E+0	200.501642067654260E-12	178.149579412197750E-6
140.000000000000030E+0	145.085931618858710E-12	199.553835485953280E-6
141.000000000000030E+0	64.648931601949479E-12	214.659341738657930E-6
142.000000000000030E+0	8.065545549051015E-12	229.203429098773370E-6
143.000000000000030E+0	6.537358742662479E-12	253.432036944627960E-6
144.000000000000030E+0	40.224523587346713E-12	287.751713728891300E-6
145.000000000000030E+0	51.279365617251658E-12	322.946019577964580E-6
146.000000000000030E+0	94.581786213132463E-12	352.087102277300570E-6
147.000000000000030E+0	73.121163952661243E-12	374.672669751114260E-6
148.000000000000030E+0	4.343541225979698E-12	398.604952781132090E-6
149.000000000000030E+0	208.316096114050190E-12	438.525719415562110E-6
150.000000000000030E+0	652.293673601415280E-12	488.483255088878030E-6
151.000000000000030E+0	227.102086347794650E-12	533.732026121688230E-6
152.000000000000030E+0	73.517855294631579E-12	568.544345771355270E-6
153.000000000000030E+0	177.840367286751790E-12	605.456973350738100E-6
154.000000000000030E+0	208.219817992937760E-12	655.114135865408490E-6
155.000000000000030E+0	16.182858171797569E-12	707.472526669659600E-6
156.000000000000030E+0	24.703162978511873E-12	756.970741772033810E-6
157.000000000000030E+0	46.315536194332517E-12	806.591558238467660E-6
158.000000000000030E+0	7.713790078375761E-12	865.498340496001100E-6
159.000000000000030E+0	58.418614179185071E-12	937.785394379662620E-6
160.000000000000030E+0	61.282090038147268E-12	1.002923169669151E-3
161.000000000000030E+0	74.524607600538755E-12	1.043056913929325E-3
162.000000000000030E+0	196.455270252845860E-12	1.085296427171092E-3
163.000000000000030E+0	35.054994589823622E-12	1.162743222972218E-3
164.000000000000030E+0	12.319893942854146E-12	1.257818926416397E-3
165.000000000000030E+0	16.802127054213714E-12	1.337130293848869E-3
166.000000000000030E+0	36.886207749084005E-12	1.391906684391762E-3
167.000000000000030E+0	38.716782156997943E-12	1.439201665095540E-3
168.000000000000030E+0	8.650207729961874E-12	1.510139907991527E-3
169.000000000000030E+0	810.135880687676280E-15	1.601842902028262E-3
170.000000000000030E+0	10.685290902186674E-12	1.681535194193688E-3
171.000000000000030E+0	23.120649629487939E-12	1.764286101834896E-3
172.000000000000030E+0	5.472260398422433E-12	1.855680431710642E-3
173.000000000000030E+0	97.148716136100049E-12	1.911657620149113E-3
174.000000000000030E+0	234.353734987164600E-12	1.953375590377577E-3
175.000000000000030E+0	128.374041827719380E-12	2.036811416342267E-3
176.000000000000030E+0	137.981731401760460E-12	2.157900484314910E-3
177.000000000000030E+0	211.036463663453840E-12	2.268438002553424E-3
178.000000000000030E+0	361.140465400235280E-12	2.320941282920599E-3
179.000000000000030E+0	143.129767741171230E-12	2.349377268782623E-3
180.000000000000030E+0	44.663583453583207E-12	2.430463770603234E-3
181.000000000000030E+0	217.598124596423620E-12	2.527919820970968E-3
182.000000000000030E+0	93.218549298196101E-12	2.611150168522220E-3
183.000000000000030E+0	198.633145307148900E-12	2.714970074598951E-3
184.000000000000030E+0	182.258894933803080E-12	2.784650933466523E-3
185.000000000000030E+0	81.665573117113935E-12	2.793335445786959E-3
186.000000000000030E+0	75.135703879353833E-12	2.826488190767100E-3
187.000000000000030E+0	70.600006848714822E-12	2.942079499851369E-3
188.000000000000030E+0	12.339722140015473E-12	3.083963645274700E-3
189.000000000000030E+0	42.446005643965464E-12	3.119890844907226E-3
190.000000000000030E+0	77.587130875124425E-12	3.090381426120622E-3
191.000000000000030E+0	20.669240918666377E-12	3.148682921576999E-3
192.000000000000030E+0	65.621203711115222E-12	3.242752172047511E-3
193.000000000000030E+0	81.493291999072764E-12	3.314870878111287E-3
194.000000000000030E+0	43.269507220634036E-12	3.387505172371530E-3
195.000000000000030E+0	12.506733058222880E-12	3.412572136272247E-3
196.000000000000030E+0	6.495495622143665E-12	3.384795145598036E-3
197.000000000000030E+0	44.605914964975540E-12	3.387998399915710E-3
198.000000000000030E+0	7.736876290300385E-12	3.506653815924555E-3
199.000000000000030E+0	297.160528137530390E-12	3.615743598844406E-3
200.000000000000030E+0	767.062644823638820E-12	3.562887157637684E-3
201.000000000000030E+0	181.700294345725490E-12	3.500797054341291E-3
202.000000000000030E+0	23.519542405597555E-12	3.530715078361797E-3
203.000000000000030E+0	158.367479697764550E-12	3.609315447774075E-3
204.000000000000030E+0	319.612659861522320E-12	3.678323662400094E-3
205.000000000000030E+0	209.472982958277110E-12	3.646279386325132E-3
206.000000000000030E+0	621.039028247698910E-12	3.567033531220898E-3
207.000000000000030E+0	686.465734266437550E-12	3.547819474150915E-3
208.000000000000030E+0	12.844484639505702E-12	3.629916409131086E-3
209.000000000000030E+0	37.243044010117748E-12	3.676057719150188E-3
210.000000000000030E+0	141.599126987237720E-12	3.610927000342675E-3
211.000000000000030E+0	60.607412936619118E-12	3.541977035336621E-3
212.000000000000030E+0	1.478791990517353E-12	3.485048614086069E-3
213.000000000000030E+0	36.757621480470981E-12	3.537891961536585E-3
214.000000000000030E+0	318.954255506958160E-12	3.613311539910794E-3
215.000000000000030E+0	1.871594274409780E-9	3.503977322142118E-3
216.000000000000030E+0	1.841769564015545E-9	3.340488767679153E-3
217.000000000000030E+0	185.550098327122470E-12	3.352892478354582E-3
218.000000000000030E+0	247.377022627583300E-12	3.441335286606029E-3
219.000000000000030E+0	70.333952668162608E-12	3.365880758531970E-3
220.000000000000030E+0	37.147146683641036E-12	3.251847161803844E-3
221.000000000000030E+0	8.660303364640568E-12	3.162560538890470E-3
222.000000000000030E+0	34.895850049734912E-12	3.135094294196378E-3
223.000000000000030E+0	91.995679812366685E-12	3.183315663678583E-3
224.000000000000030E+0	5.167932781223024E-12	3.131322141621207E-3
225.000000000000030E+0	18.355602038932764E-12	2.969330362309673E-3
226.000000000000030E+0	140.496772603453930E-12	2.867965942038156E-3
227.000000000000030E+0	223.865590138413240E-12	2.919006293778396E-3
228.000000000000030E+0	207.594330861973620E-12	2.927966041084260E-3
229.000000000000030E+0	106.625015613045240E-12	2.787665510752891E-3
230.000000000000030E+0	31.880630956498429E-12	2.607826458095775E-3
231.000000000000030E+0	33.959805341590459E-12	2.627003575113782E-3
232.000000000000030E+0	248.332955243663880E-12	2.666851002907856E-3
233.000000000000030E+0	303.650512725603060E-12	2.533550068531693E-3
234.000000000000030E+0	508.181798309584400E-12	2.402136440962258E-3
235.000000000000030E+0	260.236661788188950E-12	2.337559492163339E-3
236.000000000000030E+0	21.336450634995240E-12	2.326936162834517E-3
237.000000000000030E+0	22.316979023701653E-12	2.323975860940628E-3
238.000000000000030E+0	522.078825467721270E-12	2.193084777319468E-3
239.000000000000030E+0	845.564836040553870E-12	2.020832163423730E-3
240.000000000000030E+0	284.637630999165210E-12	2.052243828299288E-3
241.000000000000030E+0	118.406201744799350E-12	2.068085223365440E-3
242.000000000000030E+0	13.231581754621451E-12	1.922892370630732E-3
243.000000000000030E+0	27.104163626245912E-12	1.765297589406126E-3
244.000000000000030E+0	69.056866505543702E-12	1.773844757035402E-3
245.000000000000030E+0	97.197483685563930E-12	1.779753399726386E-3
246.000000000000030E+0	55.822138385855348E-12	1.665990981855289E-3
247.000000000000030E+0	163.317126580391300E-12	1.545046331237638E-3
248.000000000000030E+0	68.508038623694514E-12	1.498738975320785E-3
249.000000000000030E+0	31.782240789029369E-12	1.486295568488764E-3
250.000000000000030E+0	13.174698734942949E-12	1.462312230214288E-3
251.000000000000030E+0	43.391206480175040E-12	1.301526272034042E-3
252.000000000000030E+0	59.172953853573354E-12	1.224853018183040E-3
253.000000000000030E+0	128.275888706610170E-12	1.282030334081129E-3
254.000000000000030E+0	121.953248510316530E-12	1.217436925102097E-3
255.000000000000030E+0	76.723735111314379E-12	1.062865885816248E-3
256.000000000000060E+0	31.525121897496995E-12	1.034591614960654E-3
257.000000000000060E+0	27.734413320399646E-12	1.050954594163222E-3
258.000000000000060E+0	17.559504210266765E-12	988.134237702269430E-6
259.000000000000060E+0	129.276020305817970E-12	889.830818391746060E-6
260.000000000000060E+0	285.315655516493370E-12	844.522297766909660E-6
261.000000000000060E+0	32.736775698396302E-12	837.805853839221610E-6
262.000000000000060E+0	116.083482124602850E-12	832.436564323934900E-6
263.000000000000060E+0	96.196903648155803E-12	710.095171429242650E-6
264.000000000000060E+0	30.041397948373939E-12	657.848007157797080E-6
265.000000000000060E+0	113.822203969986120E-12	711.129363305439240E-6
266.000000000000060E+0	68.876393126292247E-12	645.197926146936620E-6
267.000000000000060E+0	51.969683845359322E-12	548.815150718584010E-6
268.000000000000060E+0	104.623783720110610E-12	550.515331532313110E-6
269.000000000000060E+0	102.052802691300240E-12	549.967874397131690E-6
270.000000000000060E+0	89.324189927907290E-12	497.831116912663160E-6
271.000000000000060E+0	38.611203320748769E-12	441.506629528206300E-6
272.000000000000060E+0	41.147290226219765E-12	415.895829734663950E-6
273.000000000000060E+0	65.309356086140878E-12	432.212207118897460E-6
274.000000000000060E+0	56.038103321255655E-12	390.695998004015790E-6
275.000000000000060E+0	7.572164448294890E-12	312.778905803551350E-6
276.000000000000060E+0	996.942176515648760E-15	336.869523068126580E-6
277.000000000000060E+0	35.355418620170417E-12	338.720912457962580E-6
278.000000000000060E+0	16.842206931308273E-12	265.399041159833010E-6
279.000000000000060E+0	17.808568250707708E-12	253.249713991663630E-6
280.000000000000060E+0	15.291610044339222E-12	262.887084430073510E-6
281.000000000000060E+0	44.637075814405246E-12	241.166409244728990E-6
282.000000000000060E+0	43.056350045484301E-12	210.945118020709910E-6
283.000000000000060E+0	209.213634761696690E-12	186.996699431021380E-6
284.000000000000060E+0	41.572589045741770E-12	203.763317716297590E-6
285.000000000000060E+0	25.757599926474730E-12	191.034637178540130E-6
286.000000000000060E+0	34.455340825347924E-12	140.342886927621030E-6
287.000000000000060E+0	83.449103701755241E-12	160.572772129292110E-6
288.000000000000060E+0	100.119885603517350E-12	167.835055106414220E-6
289.000000000000060E+0	64.917628679889131E-12	127.716737335618420E-6
290.000000000000060E+0	20.388151010580734E-12	124.545236861279260E-6
291.000000000000060E+0	73.751395985069631E-12	132.657667347886910E-6
292.000000000000060E+0	90.626142231379889E-12	124.338922454449080E-6
293.000000000000060E+0	2.171529831232319E-12	109.002237221177070E-6
294.000000000000060E+0	13.663800400060361E-12	97.481922597995326E-6
295.000000000000060E+0	151.277649089904010E-12	119.726078183578670E-6
296.000000000000060E+0	132.465827419233160E-12	104.962233082965770E-6
297.000000000000060E+0	19.596215848682195E-12	82.613725190040156E-6
298.000000000000060E+0	164.692698402240070E-12	110.163939163731240E-6
299.000000000000060E+0	351.118635101408610E-12	104.449893850570200E-6
300.000000000000060E+0	72.948939802269919E-12	85.228024862346968E-6
301.000000000000060E+0	3.755439491131218E-12	96.028193598073427E-6
302.000000000000060E+0	7.472543147136759E-12	99.904769157255137E-6
303.000000000000060E+0	18.123841052441488E-12	101.763876851697680E-6
304.000000000000060E+0	189.371114496516040E-12	88.258962547112688E-6
305.000000000000060E+0	139.710087572683480E-12	102.900843730098820E-6
306.000000000000060E+0	33.833665802234419E-12	118.344599968616920E-6
307.000000000000060E+0	81.496686104987071E-12	89.587182780450654E-6
308.000000000000060E+0	69.288065876980958E-12	109.330174134178440E-6
309.000000000000060E+0	23.201528755960408E-12	121.829067081049040E-6
310.000000000000060E+0	34.522172130968011E-12	106.432426680703940E-6
311.000000000000060E+0	16.092989930047174E-12	115.904254652050990E-6
312.000000000000060E+0	21.912779637409576E-12	124.387028307209140E-6
313.000000000000060E+0	52.419236571197167E-12	132.993281562239430E-6
314.000000000000060E+0	128.220408509626930E-12	120.683146818522670E-6
315.000000000000060E+0	178.197074294111320E-12	136.072661111719510E-6
316.000000000000060E+0	155.207860013740790E-12	154.565925745090000E-6
317.000000000000060E+0	21.127599253286431E-12	127.688627174021850E-6
318.000000000000060E+0	13.460368941532345E-12	151.914791229004550E-6
319.000000000000060E+0	52.214338575005352E-12	160.650683011448050E-6
320.000000000000060E+0	19.052469415008186E-12	147.790192165093780E-6
321.000000000000060E+0	13.711361896328633E-12	160.731487408407990E-6
322.000000000000060E+0	99.960730817507683E-12	168.546831726089500E-6
323.000000000000060E+0	21.370900734948335E-12	175.393809093204120E-6
324.000000000000060E+0	9.114314573260135E-12	160.512930305198110E-6
325.000000000000060E+0	137.241344327493920E-12	190.550866927331190E-6
326.000000000000060E+0	173.025569644911350E-12	186.421998368055500E-6
327.000000000000060E+0	48.539804294910359E-12	176.723949949046370E-6
328.000000000000060E+0	66.918904236426637E-12	208.296168821779920E-6
329.000000000000060E+0	86.610034201499949E-12	194.656718082122000E-6
330.000000000000060E+0	194.062944097678570E-12	201.769794083023400E-6
331.000000000000060E+0	166.556257258141090E-12	205.930208115974490E-6
332.000000000000060E+0	39.705033136918819E-12	220.049223598035620E-6
333.000000000000060E+0	53.182990426954111E-12	208.716571760355650E-6
334.000000000000060E+0	122.215923433810190E-12	221.119565527988270E-6
335.000000000000060E+0	14.723126386620803E-12	237.283337430438270E-6
336.000000000000060E+0	27.482834162084570E-12	213.527554060294770E-6
337.000000000000060E+0	42.708508667816485E-12	242.838513709423380E-6
338.000000000000060E+0	92.183980547939426E-12	235.336681719852090E-6
339.000000000000060E+0	57.439310936135582E-12	239.448201546886240E-6
340.000000000000060E+0	5.011601354470885E-12	242.626587163153020E-6
341.000000000000060E+0	11.363220159372804E-12	253.550794621022100E-6
342.000000000000060E+0	8.761857646271275E-12	245.198619305055930E-6
343.000000000000060E+0	384.912769717190630E-15	248.622681453241380E-6
344.000000000000060E+0	108.264544796937270E-12	265.810763034334340E-6
345.000000000000060E+0	139.538906034239710E-12	244.711662875777430E-6
346.000000000000060E+0	34.523286655952084E-12	268.847073823518870E-6
347.000000000000060E+0	92.252497279088818E-12	259.633063469407250E-6
348.000000000000060E+0	48.301425186359435E-12	264.143721233400310E-6
349.000000000000060E+0	151.991362493139680E-12	262.954884019365390E-6
350.000000000000060E+0	185.077450166431200E-12	271.905725800676310E-6
351.000000000000060E+0	59.270298211566689E-12	262.992344286373040E-6
352.000000000000060E+0	2.855443185876614E-12	271.882668540300900E-6
353.000000000000060E+0	79.914218731069053E-12	276.056591975729020E-6
354.000000000000060E+0	199.332681024068900E-12	265.189945946635410E-6
355.000000000000060E+0	76.793671513044034E-12	281.699857743504970E-6
356.000000000000060E+0	101.365535293614130E-12	269.652949320653170E-6
357.000000000000060E+0	120.598240591251400E-12	277.974448179624930E-6
358.000000000000060E+0	173.519889672227370E-12	270.673139697456810E-6
359.000000000000060E+0	33.557665865553981E-12	283.766625952055180E-6
360.000000000000060E+0	31.291517198793834E-12	267.755749080543360E-6
361.000000000000060E+0	52.804821723010681E-12	285.041747978015500E-6
362.000000000000060E+0	77.928251106251157E-12	271.317319376133590E-6
363.000000000000060E+0	263.904825971686460E-12	278.258243248236640E-6
364.000000000000060E+0	341.379668877912530E-12	275.554645156974300E-6
365.000000000000060E+0	129.769979856702690E-12	277.003510515861690E-6
366.000000000000060E+0	2.190946887873857E-12	273.877133105991730E-6
367.000000000000060E+0	92.409500137190376E-12	274.831746863854360E-6
368.000000000000060E+0	11.951067702068635E-12	272.831435563181510E-6
369.000000000000060E+0	15.547899828654968E-12	268.349305522695930E-6
370.000000000000060E+0	18.789559167286032E-12	273.917841713582770E-6
371.000000000000060E+0	6.911660596728255E-12	264.420035244266670E-6
372.000000000000060E+0	10.370146894700764E-12	269.824389505561050E-6
373.000000000000060E+0	2.854291346372762E-12	263.505282522807370E-6
374.000000000000060E+0	56.806211001116596E-12	265.544043905595890E-6
375.000000000000060E+0	140.146494859392040E-12	256.452672741432010E-6
376.000000000000060E+0	60.022903748907928E-12	264.539149980986340E-6
377.000000000000060E+0	7.579479228833407E-12	249.094330957711160E-6
378.000000000000060E+0	41.964494139931390E-12	259.579748122928800E-6
379.000000000000060E+0	15.553250024442537E-12	247.136032380104580E-6
380.000000000000060E+0	39.716780096993178E-12	251.879840861516310E-6
381.000000000000060E+0	34.821247337143158E-12	244.908061112413420E-6
382.000000000000060E+0	124.196650962475320E-12	247.786360965991420E-6
383.000000000000060E+0	100.451206906483090E-12	235.817772930440070E-6
384.000000000000060E+0	252.919402203090770E-12	246.308791549987380E-6
385.000000000000060E+0	284.840087846798050E-12	229.373902199042660E-6
386.000000000000060E+0	55.957772078737887E-12	238.267865479417210E-6
387.000000000000060E+0	17.561180848272259E-12	227.407547333634250E-6
388.000000000000060E+0	41.761006863538476E-12	229.096925454326380E-6
389.000000000000060E+0	29.161236762525586E-12	221.365805027138730E-6
390.000000000000060E+0	163.574692740373750E-12	224.926544744531080E-6
391.000000000000060E+0	135.745865666260640E-12	210.581775688841280E-6
392.000000000000060E+0	132.250980882292280E-12	221.024831781891900E-6
393.000000000000060E+0	66.554445504359581E-12	204.207943637181560E-6
394.000000000000060E+0	11.477184715543309E-12	212.203284207253380E-6
395.000000000000060E+0	24.219457556085577E-12	201.834411885527930E-6
396.000000000000060E+0	676.016798616300970E-15	198.600652714095860E-6
397.000000000000060E+0	75.469165800100310E-12	199.800067605418830E-6
398.000000000000060E+0	132.910020772376200E-12	191.953145176601290E-6
399.000000000000060E+0	17.332075891586012E-12	189.602614795564700E-6
400.000000000000060E+0	32.780936683825410E-12	189.569184088480840E-6
401.000000000000060E+0	39.915679655053991E-12	178.263607537155630E-6
402.000000000000060E+0	46.296777323133555E-12	181.792688492132080E-6
403.000000000000060E+0	86.612636302308634E-12	175.075893364660930E-6
404.000000000000060E+0	118.685886404942130E-12	168.706463249036180E-6
405.000000000000060E+0	150.916050453543170E-12	174.350333988575360E-6
406.000000000000060E+0	41.667413018252214E-12	153.765671424933840E-6
407.000000000000060E+0	20.435710768626618E-12	171.181059929408180E-6
408.000000000000060E+0	146.787622699484270E-12	148.935982954053680E-6
409.000000000000060E+0	320.113961090058930E-12	158.571034359286800E-6
410.000000000000060E+0	144.445251734948020E-12	149.512617130934190E-6
411.000000000000060E+0	36.222956875638312E-12	144.138173479040490E-6
412.000000000000060E+0	85.317849518418338E-12	144.149292813793770E-6
413.000000000000060E+0	970.719869053273770E-12	138.602957632934360E-6
414.000000000000060E+0	913.453397067990730E-12	134.891969014320380E-6
415.000000000000060E+0	104.275981039507540E-12	135.389570477669720E-6
416.000000000000060E+0	167.836475238869260E-12	123.345555706401890E-6
417.000000000000060E+0	30.196947533269775E-12	127.397250030953310E-6
418.000000000000060E+0	1.853356228852787E-12	121.025814487782170E-6
419.000000000000060E+0	21.384669249906109E-12	115.440940417085090E-6
420.000000000000060E+0	14.893994181943641E-12	121.748192071524710E-6
421.000000000000060E+0	32.851520093835317E-12	103.444900470281860E-6
422.000000000000060E+0	87.554034354610028E-12	117.270560248301100E-6
423.000000000000060E+0	18.314523412162334E-12	95.978512578145505E-6
424.000000000000060E+0	51.858337644229521E-12	106.250546120873210E-6
425.000000000000060E+0	4.895099803074891E-12	97.056207157470147E-6
426.000000000000060E+0	32.932400888213228E-12	92.193421507228511E-6
427.000000000000060E+0	73.389234521975448E-12	99.585694231996139E-6
428.000000000000060E+0	74.623556731935244E-12	80.048843267409653E-6
429.000000000000060E+0	26.004877209938738E-12	95.634164841191301E-6
430.000000000000060E+0	74.131707812790193E-12	74.639597502721320E-6
431.000000000000060E+0	233.467211454435650E-12	85.298994082125490E-6
432.000000000000060E+0	273.160627433988830E-12	75.567448844797447E-6
433.000000000000060E+0	174.247509774617340E-12	72.706037560787588E-6
434.000000000000060E+0	3.110062909798443E-12	78.729481912376024E-6
435.000000000000060E+0	88.345030721453124E-12	60.595117913283973E-6
436.000000000000060E+0	90.214714006258473E-12	76.173354014617430E-6
437.000000000000060E+0	49.358611785458835E-12	55.976317226748343E-6
438.000000000000060E+0	30.617351977628231E-12	65.338829259605188E-6
439.000000000000060E+0	22.113578125046162E-12	58.053113377803044E-6
440.000000000000060E+0	52.576234459850639E-12	54.262695059348113E-6
441.000000000000060E+0	3.579303807963781E-12	60.118668617587968E-6
442.000000000000060E+0	18.532339925743902E-12	45.045843274026671E-6
443.000000000000060E+0	89.435231076861017E-15	59.028018576992014E-6
444.000000000000060E+0	57.908910697743663E-12	40.266561898203405E-6
445.000000000000060E+0	117.356700956610680E-12	49.531312393923898E-6
446.000000000000060E+0	12.423506363791665E-12	42.185355139788593E-6
447.000000000000060E+0	124.700940408409850E-12	38.889410028094045E-6
448.000000000000060E+0	101.653357490629960E-12	44.313487617120497E-6
449.000000000000060E+0	6.658713368635743E-12	31.675992136455129E-6
450.000000000000060E+0	215.964894389630230E-12	42.549145113409531E-6
451.000000000000060E+0	94.248350364823668E-12	30.290188596672170E-6
452.000000000000060E+0	33.429327440895642E-12	35.170522331626672E-6
453.000000000000060E+0	29.621757185568435E-12	30.182042029768236E-6
454.000000000000060E+0	45.778105676594386E-12	28.493401566449238E-6
455.000000000000060E+0	2.663510733727280E-12	27.879942607665538E-6
456.000000000000060E+0	1.385052928384708E-12	25.479625831809557E-6
457.000000000000060E+0	67.405651673736702E-12	24.665456008868475E-6
458.000000000000060E+0	49.438150310482622E-12	23.567004113667160E-6
459.000000000000060E+0	188.051321190754610E-12	21.328895326096956E-6
460.000000000000060E+0	320.531288383039420E-12	20.254243185499173E-6
461.000000000000060E+0	80.352580554307741E-12	22.732634779388072E-6
462.000000000000060E+0	31.983793915833566E-12	14.193547461901275E-6
463.000000000000060E+0	119.253654987422200E-12	23.138312435639593E-6
464.000000000000060E+0	169.221587337101900E-12	12.296006564192207E-6
465.000000000000060E+0	123.690502938129840E-12	17.883641497484989E-6
466.000000000000060E+0	47.364258182359502E-12	13.042178639964352E-6
467.000000000000060E+0	21.566933880112772E-12	11.776031581300856E-6
468.000000000000060E+0	107.825843378572470E-12	14.507925643591977E-6
469.000000000000060E+0	160.886522423522210E-12	9.085381494997151E-6
470.000000000000060E+0	153.490339638392070E-12	11.709047635577905E-6
471.000000000000060E+0	96.949730149057957E-12	9.346169974166496E-6
472.000000000000060E+0	42.264700997556151E-12	8.976610706910374E-6
473.000000000000060E+0	10.032611570638079E-12	7.610628225727441E-6
474.000000000000060E+0	71.774683195694813E-12	9.399338848067504E-6
475.000000000000060E+0	25.558188896804222E-12	4.778797869857120E-6
476.000000000000060E+0	83.223294607641087E-12	10.915953976190762E-6
477.000000000000060E+0	56.210483808658798E-12	3.557835312736758E-6
478.000000000000060E+0	36.002708504873200E-12	7.274935738579360E-6
479.000000000000060E+0	41.348634310561030E-12	5.142572476772868E-6
480.000000000000060E+0	25.469022036379527E-12	4.855856861825615E-6
481.000000000000060E+0	17.225932791717592E-12	4.659056847610499E-6
482.000000000000060E+0	139.679528924179130E-12	4.801079010727974E-6
483.000000000000060E+0	147.164323070387670E-12	2.735591102868822E-6
484.000000000000060E+0	44.500757244556923E-12	4.707883363381461E-6
485.000000000000060E+0	15.256991954229014E-12	2.242278783084401E-6
486.000000000000060E+0	61.161093234480361E-12	1.684631778888877E-6
487.000000000000060E+0	147.571574202644000E-12	3.497215431067693E-6
488.000000000000060E+0	124.607776227527770E-12	1.171471898225925E-6
489.000000000000060E+0	77.314705245871512E-12	2.354140038407864E-6
490.000000000000060E+0	47.237312665514639E-12	1.554598360716074E-6
491.000000000000060E+0	71.834667221948415E-12	915.242754906621420E-9
492.000000000000060E+0	247.373345233717560E-12	699.582557010569360E-9
493.000000000000060E+0	232.155305397404400E-12	1.741369800509606E-6
494.000000000000060E+0	1.386891440665895E-12	40.227586419716136E-9
495.000000000000060E+0	72.258619455232532E-12	1.731123591529512E-6
496.000000000000060E+0	66.643828874060713E-12	258.648239801090590E-9
497.000000000000060E+0	207.485626119160920E-12	599.116990524566150E-9
498.000000000000060E+0	144.149152586230520E-12	291.680798157030290E-9
499.000000000000060E+0	28.027000427321378E-12	631.824936467579510E-9
500.000000000000060E+0	29.013693198375467E-12	161.137804781256550E-9
