Freq (Hz)	Gxymicro/hp_Real	Gxymicro/hp_Imag
49.000000000000007E+0	-127.876391003473090E-12	840.288043695001380E-12
50.000000000000007E+0	-2.063281263621944E-9	180.773774665931350E-12
51.000000000000007E+0	-1.475468156020464E-9	845.587361835984960E-12
52.000000000000007E+0	241.994699717533650E-12	294.632892650496990E-12
53.000000000000007E+0	-295.354093217854940E-12	-1.138466939680296E-9
54.000000000000007E+0	-8.501395130986994E-12	467.901014279676110E-12
55.000000000000007E+0	-354.978380941696650E-12	-36.708335711789916E-12
56.000000000000007E+0	770.056502601258390E-12	-19.527035482989060E-12
57.000000000000007E+0	-1.308359600417263E-9	-586.136585713327880E-12
58.000000000000007E+0	248.901562684626270E-12	811.157765665533690E-12
59.000000000000007E+0	-324.288469592609340E-12	40.493582694203788E-12
60.000000000000007E+0	-1.289056855763696E-9	866.987614756938300E-12
61.000000000000007E+0	4.941772980638085E-9	-388.118906397912930E-12
62.000000000000007E+0	-4.282047529894092E-9	-1.811629933995007E-9
63.000000000000007E+0	-1.030864869704202E-9	2.812144658120738E-9
64.000000000000014E+0	4.754100500847153E-9	1.601275748929128E-9
65.000000000000014E+0	1.662361399751669E-9	-2.492806943581232E-9
66.000000000000014E+0	-3.076436431640268E-9	-2.003847964465222E-9
67.000000000000014E+0	887.655075040322670E-12	2.528668365722528E-9
68.000000000000014E+0	-2.205566545691198E-9	-2.982461064414676E-9
69.000000000000014E+0	1.350013500955155E-9	5.161531166820476E-9
70.000000000000014E+0	1.497655881313369E-9	-1.527132050573899E-9
71.000000000000014E+0	-2.506875675811763E-9	-4.001778995874295E-9
72.000000000000014E+0	4.926485494436532E-9	3.421635217914200E-9
73.000000000000014E+0	-2.552558121303384E-9	-6.035838915326381E-9
74.000000000000014E+0	-6.041698693854952E-9	-1.462408227976075E-9
75.000000000000014E+0	-2.154607324974304E-9	4.196347925348117E-9
76.000000000000014E+0	4.962380116057149E-9	5.367675477801004E-9
77.000000000000014E+0	2.081662085700213E-9	-7.768080609621568E-9
78.000000000000014E+0	-2.328930318623917E-9	-248.170265259804320E-12
79.000000000000014E+0	-1.597915259276623E-9	-1.919468064798805E-9
80.000000000000014E+0	1.468071300775752E-9	-3.001263351297882E-9
81.000000000000014E+0	-13.076333322121866E-9	-462.515794420449090E-12
82.000000000000014E+0	-3.815394069523875E-9	8.813452434891750E-9
83.000000000000014E+0	17.275400414376786E-9	9.187655821916382E-9
84.000000000000014E+0	-5.156112844882049E-9	-16.075427833326343E-9
85.000000000000014E+0	-5.079068009172249E-9	4.621025867608582E-9
86.000000000000014E+0	6.090903523348335E-9	-6.997820781402593E-9
87.000000000000014E+0	-13.355284909274181E-9	-9.241035571639955E-9
88.000000000000014E+0	-18.711879674934643E-9	16.742378733752154E-9
89.000000000000014E+0	18.645124204950222E-9	-5.179122210527177E-9
90.000000000000014E+0	-20.774441593518566E-9	-3.022355178417248E-9
91.000000000000014E+0	-6.687637678604454E-9	7.800617760470045E-9
92.000000000000014E+0	3.828650311892855E-9	10.350249612630955E-9
93.000000000000014E+0	-8.077947371437125E-9	-5.643527847264131E-9
94.000000000000014E+0	-2.487282585345435E-9	12.796673372712852E-9
95.000000000000014E+0	6.353590618807995E-9	3.119876315421859E-9
96.000000000000014E+0	305.090522682202120E-12	7.063500907712979E-9
97.000000000000014E+0	13.121391918549803E-9	-1.934301266345487E-9
98.000000000000014E+0	16.137591944527135E-9	-9.577722809307788E-9
99.000000000000014E+0	40.774500455901169E-9	-28.241311387513300E-9
100.000000000000010E+0	-76.216713833231503E-9	-77.689739180525335E-9
101.000000000000010E+0	-8.021549917727916E-9	53.610772612054297E-9
102.000000000000010E+0	2.275898388385231E-9	-14.265047857313524E-9
103.000000000000010E+0	-14.912485540693841E-9	-13.135611768811762E-9
104.000000000000010E+0	-15.476841207745454E-9	19.902153136755677E-9
105.000000000000010E+0	23.550711091110425E-9	618.202549895882240E-12
106.000000000000010E+0	-4.342190705838010E-9	-30.037576433274172E-9
107.000000000000010E+0	-36.274826181969904E-9	4.218613560688977E-9
108.000000000000010E+0	26.449463660882183E-9	36.299359232635982E-9
109.000000000000010E+0	34.017727734924215E-9	-32.135663500798726E-9
110.000000000000010E+0	-12.810988778950539E-9	-30.834290796197315E-9
111.000000000000010E+0	-7.300687912194133E-9	5.207897327472379E-9
112.000000000000010E+0	3.340560215895759E-9	-35.041005891251436E-9
113.000000000000010E+0	-48.227834077847662E-9	5.097088296921395E-9
114.000000000000010E+0	1.498336075238004E-9	14.164427038926067E-9
115.000000000000010E+0	-12.747245369315027E-9	8.507946621329031E-9
116.000000000000010E+0	10.966129309415197E-9	-43.147976660207359E-9
117.000000000000010E+0	-147.170810979394860E-9	16.202705237822779E-9
118.000000000000010E+0	18.388780887088771E-9	104.491806952567590E-9
119.000000000000010E+0	3.972113735157568E-9	21.130536414208243E-9
120.000000000000010E+0	14.243168001177850E-9	4.579225133367939E-9
121.000000000000010E+0	15.662230287733928E-9	9.236430806022157E-9
122.000000000000010E+0	-16.056486852173313E-9	-46.644756969931082E-9
123.000000000000010E+0	-33.674282159400190E-9	40.385951562559601E-9
124.000000000000010E+0	2.215811436057270E-9	17.823580312772689E-9
125.000000000000010E+0	63.055999404881923E-9	29.052226388649547E-9
126.000000000000010E+0	-13.515929475683355E-12	-110.127672004327790E-9
127.000000000000010E+0	-88.086056600524313E-9	22.022461710646903E-9
128.000000000000030E+0	-3.960103133504514E-9	53.486740526232292E-9
129.000000000000030E+0	14.028553295876676E-9	45.982882572635953E-9
130.000000000000030E+0	48.941371896343411E-9	66.856266101898975E-9
131.000000000000030E+0	51.373100119596974E-9	-16.711813189203421E-9
132.000000000000030E+0	14.676351796698775E-9	47.171864288831270E-9
133.000000000000030E+0	7.918811483608385E-9	-68.387053662073042E-9
134.000000000000030E+0	-11.792100475452654E-9	75.645567585032480E-9
135.000000000000030E+0	8.000238040259506E-9	-108.006798015307840E-9
136.000000000000030E+0	-31.781065041280398E-9	72.273115945599440E-9
137.000000000000030E+0	9.031593776175611E-9	-61.418496557797573E-9
138.000000000000030E+0	-82.050400545008902E-9	146.803596795077490E-9
139.000000000000030E+0	194.911369225945010E-9	143.138270359330270E-9
140.000000000000030E+0	105.915338021952950E-9	-121.485599251530150E-9
141.000000000000030E+0	-39.945212975794389E-9	-3.380070115387545E-9
142.000000000000030E+0	-644.650994449609350E-12	-46.993385862603308E-9
143.000000000000030E+0	-10.530359940149512E-9	78.103964394549188E-9
144.000000000000030E+0	225.904614887629690E-9	-39.775965664232547E-9
145.000000000000030E+0	-8.783797706135314E-9	-329.348059909080570E-9
146.000000000000030E+0	-308.227692498319060E-9	7.256154128046389E-9
147.000000000000030E+0	-53.272391768599315E-9	198.972095722882660E-9
148.000000000000030E+0	62.737186472446947E-9	111.051894157193510E-9
149.000000000000030E+0	295.844782972980570E-9	185.955159729155840E-9
150.000000000000030E+0	476.534588773677050E-9	-338.786655485428620E-9
151.000000000000030E+0	-110.430189269530230E-9	-297.223273205272320E-9
152.000000000000030E+0	-46.207918794173591E-9	42.016941999355593E-9
153.000000000000030E+0	-12.883534504669898E-9	-3.630476886007925E-9
154.000000000000030E+0	-34.900647911154949E-9	140.845606447033700E-9
155.000000000000030E+0	225.104060782706600E-9	52.841090210170664E-9
156.000000000000030E+0	113.899035408597910E-9	52.319324513665585E-9
157.000000000000030E+0	230.814768556734160E-9	68.071679298010691E-9
158.000000000000030E+0	214.100726892284340E-9	151.233485463207750E-9
159.000000000000030E+0	259.574705161387370E-9	-119.164482101363870E-9
160.000000000000030E+0	-208.877410165591660E-9	-58.057991744079285E-9
161.000000000000030E+0	-86.808981749363593E-9	217.576958123025150E-9
162.000000000000030E+0	1.179295369566639E-9	85.774523262880753E-9
163.000000000000030E+0	26.336419986259723E-9	27.484435332093130E-9
164.000000000000030E+0	-178.337564371916200E-9	27.760280723175996E-9
165.000000000000030E+0	59.559558565393231E-9	420.670897793701260E-9
166.000000000000030E+0	482.883642751675060E-9	12.115529823446399E-9
167.000000000000030E+0	-6.356731932294469E-9	-228.750078437580480E-9
168.000000000000030E+0	-230.924957902493130E-9	75.897637076146729E-9
169.000000000000030E+0	-171.034147360194490E-9	262.468705981547980E-9
170.000000000000030E+0	34.668479729121547E-9	-16.453056050179340E-9
171.000000000000030E+0	-255.509594920989880E-9	-241.667722659153750E-9
172.000000000000030E+0	-651.361378737809210E-9	150.450290867293330E-9
173.000000000000030E+0	-178.853939910316860E-9	779.609620364316890E-9
174.000000000000030E+0	401.210972148073020E-9	286.146980094140570E-9
175.000000000000030E+0	231.606857607302800E-9	-71.024115729471863E-9
176.000000000000030E+0	239.553471169326000E-9	-168.772049707851550E-9
177.000000000000030E+0	-273.908495891481100E-9	-440.150687943570230E-9
178.000000000000030E+0	-639.407561527853750E-9	464.205511067418660E-9
179.000000000000030E+0	517.746597459832880E-9	229.280353356327950E-9
180.000000000000030E+0	-129.530252831104210E-9	-625.257641450120660E-9
181.000000000000030E+0	103.094412441519920E-9	75.907170499400263E-9
182.000000000000030E+0	699.872273126409470E-9	-269.162705613998750E-9
183.000000000000030E+0	620.194011116911180E-9	-520.552180960462420E-9
184.000000000000030E+0	-161.817985454792850E-9	-392.387411373121630E-9
185.000000000000030E+0	56.626858260870189E-9	205.697464938966600E-9
186.000000000000030E+0	86.444988422073619E-9	-312.442414334910770E-9
187.000000000000030E+0	-280.143523535343020E-9	80.541790024836329E-9
188.000000000000030E+0	119.272605159008160E-9	383.878874341694220E-9
189.000000000000030E+0	99.943377334929454E-9	-39.109734549049634E-9
190.000000000000030E+0	-386.758772733255030E-9	112.475647839913180E-9
191.000000000000030E+0	-305.253595805382720E-9	261.659919696569030E-9
192.000000000000030E+0	-447.009210776644370E-9	206.968190518195550E-9
193.000000000000030E+0	-210.970283106201740E-9	318.370162240232110E-9
194.000000000000030E+0	-182.464648775034410E-9	-103.063943778055610E-9
195.000000000000030E+0	-235.472795907823180E-9	83.710676156031956E-9
196.000000000000030E+0	235.222606510020020E-9	-88.970831714115126E-9
197.000000000000030E+0	462.314247282658140E-9	64.806207688980280E-9
198.000000000000030E+0	795.973365350514230E-9	506.859036414235770E-9
199.000000000000030E+0	1.075319036893664E-6	495.133967079611570E-9
200.000000000000030E+0	422.989987661856730E-9	-192.667126633164510E-9
201.000000000000030E+0	-572.196984502792800E-9	-36.380171863300880E-9
202.000000000000030E+0	-441.189571523920080E-9	719.689865630334860E-9
203.000000000000030E+0	416.289842601791110E-9	653.263081632542790E-9
204.000000000000030E+0	306.332991560552130E-9	-48.841493602149874E-9
205.000000000000030E+0	151.190079137401860E-9	-243.758682592950420E-9
206.000000000000030E+0	238.167826831817510E-9	-1.299199764265200E-6
207.000000000000030E+0	-628.420586064363410E-9	-1.063711414336560E-6
208.000000000000030E+0	-173.937644761679220E-9	172.868491705957430E-9
209.000000000000030E+0	328.362011475085160E-9	473.604264914844940E-9
210.000000000000030E+0	137.041513378656630E-9	18.505688292065990E-9
211.000000000000030E+0	-907.058203590705390E-9	-161.011132488859710E-9
212.000000000000030E+0	-843.971214574423510E-9	123.610910749684640E-9
213.000000000000030E+0	-243.402616333707830E-9	-98.970406957096695E-9
214.000000000000030E+0	-65.896469046699021E-9	-275.614790547879420E-9
215.000000000000030E+0	-222.329192980611270E-9	-400.810374858705520E-9
216.000000000000030E+0	-425.423626389086950E-9	-804.644284199805030E-9
217.000000000000030E+0	-1.553435817008942E-6	-878.441866895908410E-9
218.000000000000030E+0	-1.480432380953413E-6	503.955225768159000E-9
219.000000000000030E+0	-163.945849318160200E-9	521.506826132384680E-9
220.000000000000030E+0	55.229124247072686E-9	185.969153350909250E-9
221.000000000000030E+0	83.329995678799856E-9	-56.213233475227319E-9
222.000000000000030E+0	-215.511163156934970E-9	32.050347132179326E-9
223.000000000000030E+0	168.681285335202680E-9	387.507062902291670E-9
224.000000000000030E+0	518.377780718885180E-9	-37.202073676770482E-9
225.000000000000030E+0	228.760897074546910E-9	-121.986684661274190E-9
226.000000000000030E+0	9.594953932431558E-9	-20.882191263717322E-9
227.000000000000030E+0	-456.844610973523400E-9	235.158149150411350E-9
228.000000000000030E+0	-503.729886883748900E-9	680.706760909431390E-9
229.000000000000030E+0	-128.439100190953140E-9	473.490275907283600E-9
230.000000000000030E+0	137.001171777671780E-9	-45.399035160400084E-9
231.000000000000030E+0	-54.601776538901554E-9	-180.716595233766270E-9
232.000000000000030E+0	-363.073065363942090E-9	-66.090285550051145E-9
233.000000000000030E+0	-752.972041786515240E-9	-255.645175482174150E-9
234.000000000000030E+0	-885.359976582529020E-9	-43.514468720996620E-9
235.000000000000030E+0	-217.955814850179340E-9	62.938789097394873E-9
236.000000000000030E+0	58.114441049322859E-9	-250.383306909500060E-9
237.000000000000030E+0	-61.532451347824980E-9	-191.037811883498080E-9
238.000000000000030E+0	-166.510524424118840E-9	-288.453666046376410E-9
239.000000000000030E+0	-481.074803933488770E-9	-123.648916534061090E-9
240.000000000000030E+0	-337.280541914856270E-9	251.924924077307390E-9
241.000000000000030E+0	-63.221357711771161E-9	34.430469168364519E-9
242.000000000000030E+0	-74.533005457398110E-9	-170.113812695636490E-9
243.000000000000030E+0	218.408764769384670E-9	16.675288760881495E-9
244.000000000000030E+0	653.584530356768350E-9	-188.038094312901230E-9
245.000000000000030E+0	477.705296983491160E-9	-483.306903462155300E-9
246.000000000000030E+0	293.475146677029600E-9	-235.089839909689210E-9
247.000000000000030E+0	353.534985551755620E-9	-56.021587812422209E-9
248.000000000000030E+0	247.941293465788250E-9	91.232423584338058E-9
249.000000000000030E+0	3.573465653098712E-9	745.475075273600960E-9
250.000000000000030E+0	242.328638240325230E-9	1.228352555234884E-6
251.000000000000030E+0	317.278058627509630E-9	793.237889807518540E-9
252.000000000000030E+0	17.781751718034217E-9	510.499394234463960E-9
253.000000000000030E+0	-69.964941210182056E-9	230.106056117975860E-9
254.000000000000030E+0	-12.300110530259150E-9	-28.860288404895603E-9
255.000000000000030E+0	55.138399677694622E-9	-152.103457218962480E-9
256.000000000000060E+0	-224.102834754006030E-9	-243.302203345748750E-9
257.000000000000060E+0	-321.269331194009590E-9	-123.609781967673790E-9
258.000000000000060E+0	71.969831507182468E-9	-35.224273548953718E-9
259.000000000000060E+0	89.325596727734900E-9	-108.182660998971610E-9
260.000000000000060E+0	-106.542128673618350E-9	-108.688866170836000E-9
261.000000000000060E+0	99.258222075210675E-9	27.418437402410631E-9
262.000000000000060E+0	172.894165015079310E-9	128.221078190454760E-9
263.000000000000060E+0	-158.055719676657070E-9	21.446422076208528E-9
264.000000000000060E+0	-316.964260800011440E-9	-331.221840651693730E-9
265.000000000000060E+0	-136.979391066234890E-9	-515.720944384566350E-9
266.000000000000060E+0	-153.616493409287410E-9	-349.457793802787910E-9
267.000000000000060E+0	-262.210710641284250E-9	-168.177793355677530E-9
268.000000000000060E+0	-142.589386053471550E-9	-35.263112443517918E-9
269.000000000000060E+0	-207.785813180873310E-9	114.535986984184760E-9
270.000000000000060E+0	-276.464609202502570E-9	63.003358416447626E-9
271.000000000000060E+0	-99.337433597451745E-9	-85.339618382635910E-9
272.000000000000060E+0	26.490079365654647E-9	-117.943009322728370E-9
273.000000000000060E+0	2.548285490950724E-9	-64.702436458749748E-9
274.000000000000060E+0	-98.523171212806281E-9	38.424908207125481E-9
275.000000000000060E+0	-92.797384780260596E-9	4.418063559371835E-9
276.000000000000060E+0	-27.814941008328861E-9	-6.884289447761857E-9
277.000000000000060E+0	-2.437340611197060E-9	35.728957824475763E-9
278.000000000000060E+0	71.318972490279672E-9	-21.099876226729171E-9
279.000000000000060E+0	163.710052144820960E-9	-75.263149246297595E-9
280.000000000000060E+0	116.430681940284870E-9	-98.166708766212512E-9
281.000000000000060E+0	15.804259779273280E-9	26.015508575973856E-9
282.000000000000060E+0	-63.124077474610458E-9	131.402028120550230E-9
283.000000000000060E+0	-102.969656066659770E-9	101.579800545867920E-9
284.000000000000060E+0	-67.880611854521211E-9	64.516591304387463E-9
285.000000000000060E+0	-10.806307069757335E-9	-14.314255034601003E-9
286.000000000000060E+0	5.753706695166576E-9	-31.510558114450504E-9
287.000000000000060E+0	31.187292971806294E-9	-25.184418053028901E-9
288.000000000000060E+0	98.177000670753221E-9	-3.066857276913987E-9
289.000000000000060E+0	11.204463266070290E-9	56.220918211038098E-9
290.000000000000060E+0	-92.282466735812520E-9	-5.270135560731559E-9
291.000000000000060E+0	-16.351940078625136E-9	-68.133912006407372E-9
292.000000000000060E+0	65.110464899535763E-9	-45.895675871083821E-9
293.000000000000060E+0	81.976087274565865E-9	28.020882553373641E-9
294.000000000000060E+0	8.969639525458155E-9	132.597144357320980E-9
295.000000000000060E+0	-55.989479358904062E-9	33.346878167444201E-9
296.000000000000060E+0	93.664465072337464E-9	-48.674322409205679E-9
297.000000000000060E+0	90.812079756806443E-9	70.805140802904750E-9
298.000000000000060E+0	58.685696881311116E-9	41.411968440036028E-9
299.000000000000060E+0	70.593628807902623E-9	-21.873399120454419E-9
300.000000000000060E+0	87.150751906780011E-9	-52.310511018773834E-9
301.000000000000060E+0	97.113514313845945E-9	-56.886414480995550E-9
302.000000000000060E+0	37.507731322280271E-9	-87.200319352893889E-9
303.000000000000060E+0	21.988853089144231E-9	-72.365748518815131E-9
304.000000000000060E+0	74.652785744052641E-9	-64.791322603337430E-9
305.000000000000060E+0	149.954146026888370E-9	5.552611953338008E-9
306.000000000000060E+0	130.384631841950140E-9	57.130244244467050E-9
307.000000000000060E+0	16.197776662048114E-9	25.912650062857110E-9
308.000000000000060E+0	-14.796443594488907E-9	-77.864675720412746E-9
309.000000000000060E+0	44.571806303381865E-9	-75.166174470461404E-9
310.000000000000060E+0	6.000669264644324E-9	-44.022570246415845E-9
311.000000000000060E+0	-20.267671336916206E-9	-79.570317348995893E-9
312.000000000000060E+0	20.879241213847095E-9	-39.732935902414620E-9
313.000000000000060E+0	41.838647087033004E-9	-18.147837368452773E-9
314.000000000000060E+0	47.665470516522433E-9	-26.809336777370618E-9
315.000000000000060E+0	1.776522084628635E-9	-9.665264114265414E-9
316.000000000000060E+0	6.167646104176610E-9	-67.861200796839865E-9
317.000000000000060E+0	130.877881521122230E-9	-58.990136300102156E-9
318.000000000000060E+0	130.742013365113620E-9	19.254582302771849E-9
319.000000000000060E+0	85.028560725801759E-9	43.487670520233573E-9
320.000000000000060E+0	-1.906049742509196E-9	91.340402787049778E-9
321.000000000000060E+0	-45.673438465675482E-9	6.419078595078904E-9
322.000000000000060E+0	-51.683877209218877E-9	-3.925522267998771E-9
323.000000000000060E+0	-67.666994174680135E-9	6.075919268480321E-9
324.000000000000060E+0	-26.123982662593631E-9	41.970012136233022E-9
325.000000000000060E+0	22.982407037706010E-9	-32.446001703689186E-9
326.000000000000060E+0	157.688140012017840E-9	-94.253535903561661E-9
327.000000000000060E+0	165.778962822295150E-9	23.460488437640255E-9
328.000000000000060E+0	20.505401306770243E-9	35.330944875319092E-9
329.000000000000060E+0	62.452039260064067E-9	-42.194891373104603E-9
330.000000000000060E+0	41.169454481267923E-9	74.085948464936863E-9
331.000000000000060E+0	-60.984880727804445E-9	-127.292340410301350E-9
332.000000000000060E+0	165.159938112379930E-9	-102.686849137074590E-9
333.000000000000060E+0	-26.357282264022174E-9	102.364571758704290E-9
334.000000000000060E+0	-46.305048342500716E-9	-98.822651257581212E-9
335.000000000000060E+0	77.699571095542543E-9	-73.390671971781904E-9
336.000000000000060E+0	55.309527635554372E-9	-113.395306367365140E-9
337.000000000000060E+0	115.375217671555560E-9	-21.362924658653455E-9
338.000000000000060E+0	22.657956782322998E-9	20.034991049089742E-9
339.000000000000060E+0	-25.237181431219147E-9	74.241612397956082E-9
340.000000000000060E+0	-89.965969317128864E-9	-9.180617420026610E-9
341.000000000000060E+0	-6.852672493865351E-9	23.654594224407438E-9
342.000000000000060E+0	-7.845796891887836E-9	-90.520488483697770E-9
343.000000000000060E+0	211.386085349813680E-9	-41.468848723852695E-9
344.000000000000060E+0	-7.346588507806506E-9	173.841139616264330E-9
345.000000000000060E+0	-195.293193530816480E-9	-99.602919656821302E-9
346.000000000000060E+0	55.916803648137181E-9	-154.122166017978670E-9
347.000000000000060E+0	73.107603536730326E-9	17.884674107349299E-9
348.000000000000060E+0	-4.268485296049617E-9	117.731331378781640E-9
349.000000000000060E+0	-203.063384316814210E-9	64.970385758095956E-9
350.000000000000060E+0	-63.906871377826523E-9	-181.030626990731680E-9
351.000000000000060E+0	170.535678460836070E-9	51.533692041281313E-9
352.000000000000060E+0	-57.526700197699931E-9	262.388398965824950E-9
353.000000000000060E+0	-186.502043448143860E-9	103.646309230499050E-9
354.000000000000060E+0	-148.914077723971490E-9	2.964330809506292E-9
355.000000000000060E+0	-77.948906653886891E-9	-86.941658812891327E-9
356.000000000000060E+0	9.807807885976970E-9	-20.491879923427322E-9
357.000000000000060E+0	-70.592159826021377E-9	31.002564897380469E-9
358.000000000000060E+0	-37.840908219199684E-9	-69.580676109605026E-9
359.000000000000060E+0	73.406095455546882E-9	107.902239555748700E-9
360.000000000000060E+0	-77.137030974747861E-9	127.056279504076030E-9
361.000000000000060E+0	-26.078060811616077E-9	89.423842683944629E-12
362.000000000000060E+0	66.407897490840682E-9	13.753352382609504E-9
363.000000000000060E+0	-12.748734423781238E-9	102.758998992711940E-9
364.000000000000060E+0	-75.222294026650665E-9	8.883026777357606E-9
365.000000000000060E+0	-6.330787342989458E-9	-12.110682074665507E-9
366.000000000000060E+0	41.309744091473776E-9	79.024623733733003E-9
367.000000000000060E+0	-56.615727567307368E-9	81.734330079407249E-9
368.000000000000060E+0	101.610759124308080E-9	81.679976339898300E-9
369.000000000000060E+0	-30.269147445293362E-9	154.615661918363130E-9
370.000000000000060E+0	-30.835964961073493E-9	31.209177764207629E-9
371.000000000000060E+0	46.121121569353513E-9	-112.561427774468810E-9
372.000000000000060E+0	213.817894228493970E-9	80.930133189177930E-9
373.000000000000060E+0	54.085540923265758E-9	136.355705436564930E-9
374.000000000000060E+0	-22.682567782232723E-9	147.344195024045640E-9
375.000000000000060E+0	-87.493072355649227E-9	46.954038204098885E-9
376.000000000000060E+0	-42.536411511180228E-9	-3.682188757957711E-9
377.000000000000060E+0	-83.693962855325336E-9	979.296886716627240E-12
378.000000000000060E+0	49.327998057501913E-9	-99.440600279287874E-9
379.000000000000060E+0	86.532159467495448E-9	157.898262254864930E-9
380.000000000000060E+0	-158.340971610003480E-9	202.948799777791960E-9
381.000000000000060E+0	-175.915872085867870E-9	-102.115996943864440E-9
382.000000000000060E+0	86.883905921866731E-9	-956.551566400294360E-12
383.000000000000060E+0	-55.812118463850139E-9	94.305846751848514E-9
384.000000000000060E+0	-157.591905294001270E-9	-54.650740800338033E-9
385.000000000000060E+0	94.437183792209073E-9	-104.393493922591390E-9
386.000000000000060E+0	2.773807697766940E-9	60.044133590761644E-9
387.000000000000060E+0	39.874059498302355E-9	45.230524317797221E-12
388.000000000000060E+0	30.526295943804181E-9	97.679055915128240E-9
389.000000000000060E+0	-41.242135192282838E-9	36.951422647957288E-9
390.000000000000060E+0	33.821814561997861E-9	93.790292105430927E-9
391.000000000000060E+0	-205.122043932048850E-9	56.580641400890460E-9
392.000000000000060E+0	-21.587343449147376E-9	-180.838090875992930E-9
393.000000000000060E+0	17.435544007845747E-9	42.647281292045662E-9
394.000000000000060E+0	-1.407334315057987E-9	-89.077141302214281E-9
395.000000000000060E+0	123.433952187873420E-9	97.671885227406015E-9
396.000000000000060E+0	28.021265682939082E-9	12.798890504225360E-9
397.000000000000060E+0	102.746247945385460E-9	245.469399687417930E-9
398.000000000000060E+0	-208.552774327184240E-9	80.914270987509595E-9
399.000000000000060E+0	-25.750703668511378E-9	-96.545854154100025E-9
400.000000000000060E+0	35.852516013130871E-9	9.861538784451537E-9
401.000000000000060E+0	17.480521630910872E-9	-31.311051355820966E-9
402.000000000000060E+0	56.659014248511925E-9	58.113329657380008E-9
403.000000000000060E+0	-229.676002648952150E-12	40.667562391747341E-9
404.000000000000060E+0	-73.937352064008032E-9	82.813234266932259E-9
405.000000000000060E+0	-81.760539566167114E-9	-131.008738166758960E-9
406.000000000000060E+0	68.913872983092422E-9	-20.613277641533926E-9
407.000000000000060E+0	14.075719939756606E-9	-67.953324541782533E-9
408.000000000000060E+0	116.247651047993670E-9	17.354492604601496E-9
409.000000000000060E+0	33.930806586000394E-9	60.583385652470221E-9
410.000000000000060E+0	5.990040987186932E-9	46.032401166102536E-9
411.000000000000060E+0	12.938267741884180E-9	-39.477106105147068E-9
412.000000000000060E+0	188.544431521212300E-9	80.829002795907900E-9
413.000000000000060E+0	-50.875008663380838E-9	101.872720475072810E-9
414.000000000000060E+0	79.136142192542924E-9	64.091701953086597E-9
415.000000000000060E+0	-28.966362977687864E-9	103.390775042753290E-9
416.000000000000060E+0	-17.443949389461968E-9	-81.834665265818586E-9
417.000000000000060E+0	179.931959931888590E-9	137.085163999805050E-9
418.000000000000060E+0	-128.739990650571800E-9	141.719375471675870E-9
419.000000000000060E+0	-114.695007271548950E-9	-96.902597770394264E-9
420.000000000000060E+0	126.216582665537070E-9	-29.494164961420983E-9
421.000000000000060E+0	-18.539781515674911E-9	37.430972883011059E-9
422.000000000000060E+0	4.473972729374878E-9	-26.655003550756228E-9
423.000000000000060E+0	21.973967770737217E-9	27.225590508348342E-9
424.000000000000060E+0	7.043607719283937E-9	-61.004818578021991E-9
425.000000000000060E+0	85.171707479778161E-9	78.182418914240828E-9
426.000000000000060E+0	-98.906921146905045E-9	18.892092483676857E-9
427.000000000000060E+0	27.901044804238980E-9	-32.291750173265726E-9
428.000000000000060E+0	34.375282021300350E-9	-3.165513684037911E-9
429.000000000000060E+0	-40.782371873759421E-9	83.313769243729240E-9
430.000000000000060E+0	-34.763995685488095E-9	-55.929267306241380E-9
431.000000000000060E+0	14.376536143077410E-9	-49.389721056134721E-9
432.000000000000060E+0	55.508257994605028E-9	-20.875609539514600E-9
433.000000000000060E+0	92.866349987320040E-9	57.748167863499002E-9
434.000000000000060E+0	-118.366882347104320E-9	67.017261953611150E-9
435.000000000000060E+0	-6.932069442604987E-9	-73.867508437462949E-9
436.000000000000060E+0	64.533719331130392E-9	5.143049659668368E-9
437.000000000000060E+0	-14.317261447320155E-9	20.793614895176748E-9
438.000000000000060E+0	-12.847364042894760E-9	11.416272139702087E-9
439.000000000000060E+0	1.054958476512655E-9	-15.195974083605256E-9
440.000000000000060E+0	-12.690082944355062E-9	17.632650496858596E-9
441.000000000000060E+0	4.640516447012704E-9	-51.815625127097950E-9
442.000000000000060E+0	13.485276568226855E-9	50.479760250352104E-9
443.000000000000060E+0	-28.384266538834696E-9	-26.267784887310606E-9
444.000000000000060E+0	-2.490136669799149E-9	-1.142853120101087E-9
445.000000000000060E+0	-35.854917486555672E-9	-41.872597749410502E-9
446.000000000000060E+0	98.035629447895216E-9	-12.926675581943769E-9
447.000000000000060E+0	-41.410561193747406E-9	51.772336999476434E-9
448.000000000000060E+0	-36.335429363860448E-9	-13.384201488452801E-9
449.000000000000060E+0	68.414665040694291E-9	-26.359067117923046E-9
450.000000000000060E+0	-98.851641129907747E-9	82.817875282965283E-9
451.000000000000060E+0	25.381115340522707E-9	-52.187475440969282E-9
452.000000000000060E+0	-9.204195189834774E-9	1.428718939930928E-9
453.000000000000060E+0	4.969258638086787E-9	-8.587404027001082E-9
454.000000000000060E+0	-6.557038656089481E-9	8.483644615571792E-9
455.000000000000060E+0	1.891410692311416E-9	-2.263223925078181E-9
456.000000000000060E+0	-16.160897938336202E-9	-15.479465577668719E-9
457.000000000000060E+0	38.941709831710017E-9	-1.307662702162766E-9
458.000000000000060E+0	-39.666069918085166E-9	34.471271388164801E-9
459.000000000000060E+0	-28.998794196498949E-9	-38.496199128906354E-9
460.000000000000060E+0	30.018762102939308E-9	-37.034052363235927E-9
461.000000000000060E+0	30.608638932751130E-9	30.968040846700536E-9
462.000000000000060E+0	-7.458706404377362E-9	37.363411173962016E-9
463.000000000000060E+0	-52.293262077041353E-9	-48.247887629486335E-9
464.000000000000060E+0	37.808752894680230E-9	-9.559904028025283E-9
465.000000000000060E+0	2.767803968069184E-9	1.210336595667742E-9
466.000000000000060E+0	604.184845006705800E-12	28.230996961798532E-9
467.000000000000060E+0	-28.638691960750495E-9	-1.257632205209040E-9
468.000000000000060E+0	31.557111975520184E-9	-22.824035574946676E-9
469.000000000000060E+0	-28.421695794418225E-9	-6.020641542781566E-9
470.000000000000060E+0	18.432329715315176E-9	-1.309324302923413E-9
471.000000000000060E+0	4.121433096742471E-9	641.687988593405760E-12
472.000000000000060E+0	-2.596273159374385E-9	8.755649399270309E-9
473.000000000000060E+0	-17.988432114138236E-9	-7.449752593247865E-9
474.000000000000060E+0	26.080767484442738E-9	-2.914027466912813E-9
475.000000000000060E+0	-19.910674429022126E-9	11.627007667104663E-9
476.000000000000060E+0	30.800177915453970E-9	-30.804875975834094E-9
477.000000000000060E+0	5.494872898248944E-9	12.608674220086228E-9
478.000000000000060E+0	-19.604553500371299E-9	20.051788064885965E-9
479.000000000000060E+0	1.023280378370285E-9	-28.865537343080296E-9
480.000000000000060E+0	1.331012164790795E-9	20.779568426829338E-9
481.000000000000060E+0	1.917661282936480E-9	-7.295759060066469E-9
482.000000000000060E+0	-20.285321778749610E-9	-3.118460177840182E-9
483.000000000000060E+0	5.491115602032120E-9	-6.237858689068072E-9
484.000000000000060E+0	4.461218892999275E-9	469.606534726710660E-12
485.000000000000060E+0	-4.576289851395724E-9	-12.329788649548051E-9
486.000000000000060E+0	7.202944451546411E-9	14.186951692446962E-9
487.000000000000060E+0	-6.756188547630919E-9	186.581546785357860E-12
488.000000000000060E+0	766.024684199642570E-12	52.888710067395047E-12
489.000000000000060E+0	-10.525184668847608E-9	6.108115810793790E-9
490.000000000000060E+0	6.848058689509478E-9	-511.555408016913650E-12
491.000000000000060E+0	-592.232363110711120E-12	1.259388909020255E-9
492.000000000000060E+0	65.198370986292404E-12	-4.552199542702659E-9
493.000000000000060E+0	2.673705452067650E-9	2.888315594551590E-9
494.000000000000060E+0	-64.200499426158055E-12	-219.000901998113570E-12
495.000000000000060E+0	6.228579337472665E-9	3.036008045323291E-9
496.000000000000060E+0	954.466182598140030E-12	-1.045247190971048E-9
497.000000000000060E+0	3.421607029532987E-9	1.957156949562814E-9
498.000000000000060E+0	-3.631044386706159E-9	969.983410358373400E-12
499.000000000000060E+0	5.121888388453660E-9	-351.079783822372700E-12
500.000000000000060E+0	3.141971959017027E-9	2.313993699292391E-9
